5	2	66	1	2	5	1	1	1056	1	0	0	2	2	4
5	3	29	1	1	5	1	1	1236	1	0	0	2	2	4
5	4	38	2	2	7	1	3	1200	1	0	0	2	2	8
5	4	26	2	1	5	1	1	1356	1	0	0	2	2	4
5	4	53	1	2	4	1	1	3630	1	0	0	3	2	3
5	3	56	2	5	3	1	6	600	4	0	0	4	2	2
5	4	24	1	1	5	1	1	1320	1	0	0	2	2	4
5	4	34	2	2	7	1	1	3400	1	5	0	2	2	8
5	5	22	2	1	6	1	1	1600	1	0	0	1	2	6
5	4	24	2	1	6	1	1	2800	1	0	0	3	2	6
5	4	52	1	2	5	1	4	2400	2	0	0	4	2	4
5	3	32	1	2	7	1	1	3000	1	0	0	2	2	8
5	4	31	2	1	6	1	1	1560	1	0	0	2	2	6
5	5	38	2	2	5	1	6	1720	4	0	0	4	2	4
5	5	26	1	1	7	1	1	550	1	3	999999	2	2	8
5	4	43	2	2	5	1	1	1236	1	0	0	2	2	4
5	4	67	1	2	3	1	4	840	2	0	0	4	2	2
5	4	53	2	2	5	1	4	2400	2	0	0	4	2	4
5	3	31	1	2	6	1	1	3000	1	0	0	2	2	6
5	4	48	1	2	6	1	1	4500	1	0	0	2	2	6
5	4	30	1	1	7	1	1	1000	1	0	0	1	2	8
5	3	66	1	2	3	1	4	2400	2	0	0	4	2	2
5	6	37	2	1	7	1	4	1800	2	0	0	4	2	8
5	2	56	2	2	5	1	6	1824	4	0	0	4	2	4
5	2	73	1	2	7	1	6	3800	4	0	0	4	2	8
5	4	45	1	2	5	1	4	5500	2	0	0	4	2	4
5	4	39	2	2	4	1	2	110	1	0	0	2	2	3
5	4	47	1	2	6	1	4	12000	2	0	0	4	2	6
5	3	43	1	2	7	1	4	2400	2	0	0	4	2	8
5	4	37	2	2	4	1	2	1030	1	0	0	2	2	3
5	4	35	1	2	6	3	1	2472	1	0	0	2	1	5
5	1	42	1	4	5	1	1	2400	1	0	0	2	2	4
5	3	36	1	1	5	1	1	700	1	0	0	2	2	4
5	2	25	2	1	5	1	1	1752	1	0	0	2	1	4
5	7	44	1	2	5	1	1	1200	1	0	0	2	2	4
5	3	57	2	2	5	1	4	100	2	0	0	4	2	4
5	3	36	1	2	8	1	2	3600	1	0	0	1	2	10
5	4	35	1	2	7	1	1	5500	1	7	0	1	2	8
5	2	56	2	2	4	1	1	960	1	0	0	2	2	3
5	5	36	2	2	5	1	1	2232	1	0	0	2	2	4
5	4	45	1	2	7	1	1	2184	1	0	0	2	2	8
5	4	50	2	2	5	1	1	1790	1	0	0	2	2	4
5	7	32	1	2	7	1	4	5976	2	0	0	4	2	8
5	2	39	1	2	5	1	4	4200	2	0	0	4	1	4
5	5	24	2	1	6	1	1	2100	1	0	0	3	2	6
5	4	28	1	1	5	1	1	720	1	0	0	2	2	4
5	5	47	1	2	5	1	4	1200	2	0	0	4	2	4
5	4	33	1	2	6	1	1	1818	1	0	0	2	1	6
5	2	64	1	2	3	1	4	600	2	0	0	4	2	2
5	4	41	2	2	7	4	1	1944	1	0	0	2	2	7
5	2	52	2	4	4	1	2	1200	1	0	0	2	2	3
5	3	32	1	1	5	1	1	1716	1	0	0	2	2	4
5	4	49	2	2	5	1	4	1000	2	0	0	4	2	4
5	2	46	2	2	5	1	4	2460	2	0	0	4	2	4
5	3	44	1	1	7	1	4	1236	2	0	0	4	2	8
5	6	29	2	2	6	3	1	1500	1	0	0	2	2	5
5	5	45	2	2	4	1	6	1200	4	0	0	4	2	3
5	2	56	1	2	5	1	1	2805	1	0	0	2	2	4
5	4	36	1	2	5	1	1	2592	1	0	0	1	2	4
5	2	30	1	2	5	1	1	2100	1	0	0	2	2	4
5	5	45	2	2	5	1	1	1248	1	0	0	2	2	4
5	3	56	2	2	5	1	1	2710	1	0	0	2	2	4
5	4	55	1	2	5	1	4	3660	2	0	0	4	2	4
5	4	44	1	2	7	1	1	2088	1	0	0	2	2	8
5	4	47	1	2	7	1	4	500	2	0	0	4	2	8
5	2	27	2	2	5	1	6	984	4	0	0	4	2	4
5	4	42	1	2	7	3	4	3720	2	0	0	4	2	6
5	2	67	1	2	4	1	4	300	2	0	0	4	2	3
5	3	48	2	2	5	1	6	550	4	0	0	4	2	4
5	4	26	2	2	5	1	1	1500	1	0	0	2	2	4
5	2	29	1	1	5	1	1	2000	1	0	0	2	2	4
5	4	29	2	1	7	1	1	2090	1	0	0	2	2	8
5	4	36	2	2	5	1	2	110	1	0	0	2	2	4
5	4	46	1	2	4	1	1	1200	1	0	0	2	2	3
5	4	41	1	1	6	1	1	1080	1	0	0	2	2	6
5	4	37	2	2	7	1	1	108	1	0	0	2	2	8
5	3	49	1	2	5	1	4	2400	2	0	0	4	2	4
5	3	55	2	2	7	1	2	1020	1	0	0	2	2	8
5	2	28	2	2	6	1	1	852	1	0	0	2	2	6
5	4	48	2	2	4	1	1	1224	1	0	0	2	2	3
5	4	48	1	2	4	1	1	1584	1	0	0	2	2	3
5	4	39	1	2	6	1	1	4368	1	0	0	1	2	6
5	2	71	2	2	3	1	4	550	2	0	0	4	2	2
5	4	44	2	2	5	1	1	620	1	0	0	2	2	4
5	4	51	1	2	6	1	1	4920	1	0	0	3	2	6
5	3	47	2	2	5	1	5	0	3	0	0	4	2	4
5	4	46	2	2	5	1	1	2352	1	0	0	2	2	4
5	5	52	1	2	3	1	1	3320	1	0	0	1	2	2
5	1	31	1	1	7	1	6	200	4	0	0	4	2	8
5	3	39	2	2	7	1	1	3120	1	0	0	1	2	8
5	5	49	1	2	8	1	4	2500	2	0	0	4	2	10
5	4	37	1	2	7	1	1	600	1	0	0	2	2	8
5	1	74	2	5	3	1	2	120	1	0	0	2	2	2
5	4	47	2	2	5	1	4	1100	2	0	0	4	2	4
5	4	29	1	1	7	1	1	500	1	0	0	3	1	8
5	6	50	1	2	7	1	4	3000	2	0	0	4	2	8
5	1	42	1	1	4	1	1	2076	1	0	0	2	2	3
5	3	49	1	2	4	1	4	1800	2	0	0	4	2	3
5	4	55	2	2	5	1	1	1092	1	0	0	2	2	4
5	4	24	2	1	7	1	1	4000	1	0	0	1	2	8
5	4	27	1	1	6	1	1	1980	1	0	0	2	2	6
5	1	30	1	1	8	1	1	1260	1	0	0	2	2	10
5	4	47	1	2	5	1	1	3072	1	0	0	2	2	4
5	3	44	1	2	7	1	4	1850	2	0	0	4	2	8
5	6	43	1	2	5	1	4	2000	2	0	0	4	2	4
5	2	54	1	4	6	1	1	1260	1	0	0	1	2	6
5	3	73	2	2	2	6	4	710	2	0	0	4	2	1
5	1	31	1	1	5	1	1	2500	1	0	0	2	2	4
5	3	55	1	2	4	1	1	1476	1	0	0	2	2	3
5	5	39	2	2	5	1	1	1440	1	0	0	2	2	4
5	4	57	1	2	7	1	1	4956	1	0	0	1	2	8
5	2	59	1	2	3	1	4	2460	2	0	0	4	2	2
5	2	45	1	2	4	1	1	1960	1	0	0	2	2	3
5	2	59	2	2	5	1	4	1000	2	0	0	4	2	4
5	1	23	1	1	6	4	1	1356	1	0	0	2	2	5
5	4	36	2	2	5	1	2	240	1	0	0	2	2	4
5	4	60	1	2	4	1	4	2200	2	0	0	4	2	3
5	5	51	1	2	5	1	4	3720	2	0	0	4	2	4
5	4	24	1	1	7	4	6	120	4	10	0	4	2	6
5	4	37	1	2	6	1	1	3000	1	0	0	2	2	6
5	3	49	2	5	5	1	1	2436	1	0	0	2	2	4
5	3	53	1	2	3	1	3	1800	1	0	0	2	2	2
5	2	31	1	2	5	1	1	2472	1	0	0	1	2	4
5	4	51	2	2	5	1	1	2520	1	0	0	1	2	4
5	4	31	1	1	7	1	1	3150	1	0	0	1	2	8
5	1	61	1	5	7	1	4	1824	2	0	0	4	2	8
5	2	32	1	1	7	1	1	3800	1	0	0	2	2	8
5	4	50	1	2	5	1	4	6000	2	0	0	4	2	4
5	1	50	1	1	5	1	1	3000	1	0	0	2	2	4
5	3	53	2	5	3	1	4	500	2	0	0	4	2	2
5	3	28	2	2	5	1	1	2800	1	0	0	1	2	4
5	2	36	1	2	5	1	1	2460	1	0	0	2	2	4
5	5	56	1	2	4	1	1	1200	1	0	0	3	2	3
5	1	51	1	4	5	3	4	1860	2	0	0	4	2	4
5	4	33	1	2	5	1	4	3000	2	0	0	4	2	4
5	4	41	2	2	5	1	1	960	1	0	0	3	2	4
5	7	62	1	2	4	1	4	6000	2	0	0	4	2	3
5	4	36	2	2	5	1	1	1596	1	0	0	2	2	4
5	4	38	1	2	7	1	1	3050	1	0	0	2	2	8
5	3	54	2	2	5	1	1	500	1	0	0	2	2	4
5	3	41	1	2	5	1	1	3500	1	6	2	1	2	4
5	4	55	1	2	4	1	4	3696	2	0	0	4	2	3
5	2	54	2	2	4	1	1	924	1	0	0	3	2	3
5	6	33	1	2	5	1	1	3000	1	0	0	2	2	4
5	4	49	2	2	4	1	2	1224	1	0	0	2	2	3
5	1	37	1	1	6	1	6	3000	4	0	0	4	2	6
5	4	51	2	2	3	1	2	960	1	0	0	3	2	2
5	4	34	2	2	5	1	4	1200	2	0	0	4	2	4
5	4	52	1	2	4	3	4	2030	2	0	0	4	2	3
5	4	40	1	2	5	1	1	2712	1	0	0	2	2	4
5	3	56	1	2	5	1	1	2460	1	0	0	2	2	4
5	4	46	1	2	7	1	4	3720	2	0	0	4	2	8
5	4	56	1	2	5	1	4	20000	2	0	0	4	2	4
5	3	47	2	2	4	1	1	250	1	0	0	2	2	3
5	3	29	1	1	6	1	1	2500	1	0	0	2	2	6
5	4	32	1	1	7	1	2	450	1	10	0	2	2	8
5	4	54	2	5	3	1	1	996	1	0	0	2	2	2
5	3	47	2	2	3	1	1	1224	1	0	0	2	2	2
5	3	28	1	1	6	1	1	2100	1	0	0	3	2	6
5	4	40	2	2	5	1	3	720	1	0	0	2	2	4
5	1	62	2	5	3	1	1	250	1	0	0	2	2	2
5	4	24	2	1	7	1	4	1220	2	0	0	4	2	8
5	5	39	1	1	7	1	4	3050	2	0	0	4	2	8
5	4	55	2	2	4	3	1	1200	1	0	0	2	2	3
5	5	39	1	2	6	1	1	3120	1	0	0	2	2	6
5	3	34	1	1	5	1	4	1500	2	0	0	4	2	4
5	3	30	2	2	6	1	6	1476	4	0	0	4	2	6
5	3	30	1	2	6	1	1	2436	1	0	0	2	2	6
5	4	58	1	2	5	1	1	1440	1	0	0	3	2	4
5	2	71	2	4	2	6	4	400	2	0	0	4	2	1
5	3	37	1	2	5	1	1	2460	1	0	0	2	2	4
5	2	72	1	2	3	1	4	850	2	0	0	4	2	2
5	4	35	2	2	5	1	1	300	1	0	0	2	2	4
5	2	64	1	2	5	3	1	1200	1	0	0	3	2	4
5	3	54	2	2	3	1	4	3600	2	0	0	4	2	2
5	6	79	1	2	3	1	2	960	1	0	0	2	2	2
5	4	43	1	2	5	1	1	1800	1	0	0	2	2	4
5	5	45	2	2	6	1	2	280	1	0	0	2	2	6
5	5	25	2	1	6	1	1	1104	1	0	0	2	2	6
5	4	26	2	1	5	1	1	1260	1	0	0	2	2	4
5	2	30	1	2	6	1	1	2900	1	0	0	2	2	6
5	5	36	1	2	5	1	1	2040	1	0	0	2	2	4
5	2	42	1	4	6	1	1	2500	1	0	0	2	2	6
5	4	51	1	2	3	1	1	2700	1	0	0	2	2	2
5	3	37	1	2	5	1	1	4380	1	0	0	1	2	4
5	4	24	2	1	5	1	1	1224	1	0	0	3	2	4
5	2	36	1	2	5	1	4	4150	2	0	0	4	2	4
5	3	34	2	2	7	1	1	5000	1	7	0	1	2	8
5	4	57	1	2	4	1	3	1000	1	0	0	2	2	3
5	4	42	1	2	6	3	1	1836	1	0	0	2	2	5
5	1	26	2	1	5	1	2	864	1	0	0	2	2	4
5	4	32	2	1	6	1	1	1560	1	0	0	2	2	6
5	4	38	1	2	8	5	1	4380	1	0	0	1	2	9
5	4	45	1	2	6	1	4	2460	2	0	0	4	2	6
5	3	57	1	4	5	1	4	3640	2	0	0	4	2	4
5	5	49	2	2	5	1	2	900	1	0	0	2	2	4
5	4	30	1	1	5	1	1	2200	1	0	0	2	2	4
5	3	29	2	2	5	1	4	1250	2	0	0	4	2	4
5	4	27	2	1	5	1	1	1644	1	0	0	2	2	4
5	5	55	1	2	5	1	4	5050	2	0	0	4	2	4
5	4	43	1	2	4	1	1	2472	1	0	0	2	2	3
5	2	28	1	1	5	1	1	1240	1	0	0	2	2	4
5	4	41	1	2	5	1	1	1700	1	0	0	2	2	4
5	4	51	1	2	5	1	1	3672	1	0	0	2	2	4
5	1	22	2	1	6	1	1	1400	1	0	0	2	2	6
5	3	39	2	4	5	1	4	1024	2	0	0	4	2	4
5	4	32	2	2	7	1	4	960	2	0	0	4	2	8
5	1	31	2	1	7	1	4	1080	2	0	0	4	2	8
5	3	25	1	1	5	1	6	2184	4	0	0	4	2	4
5	3	61	1	2	4	1	4	1500	2	0	0	4	2	3
5	4	43	1	2	7	1	1	2700	1	0	0	1	2	8
5	3	64	1	4	5	1	4	480	2	0	0	4	2	4
5	5	56	1	2	5	1	1	3700	1	0	0	2	2	4
5	4	23	2	1	7	5	1	1330	1	0	0	2	2	6
5	5	54	1	2	7	1	1	6000	1	0	0	1	2	8
5	4	34	1	2	5	1	4	2400	2	0	0	4	2	4
5	2	35	2	4	7	1	1	1920	1	0	0	2	2	8
5	4	42	2	2	5	1	1	3100	1	0	0	2	2	4
5	2	60	1	2	7	1	6	3000	4	0	0	4	2	8
5	4	34	1	2	5	1	4	2000	2	0	0	4	2	4
5	2	45	1	1	7	1	1	875	1	0	0	1	2	8
5	2	58	1	2	5	1	1	4000	1	0	0	2	2	4
5	4	52	1	2	5	1	1	1956	1	0	0	1	2	4
5	4	28	1	1	6	3	1	1800	1	0	0	2	2	5
5	3	24	1	2	6	1	1	520	1	0	0	1	2	6
5	5	47	1	2	5	1	1	2976	1	0	0	2	2	4
5	5	40	2	2	5	1	1	1000	1	0	0	2	2	4
5	4	52	1	2	4	1	2	1800	1	0	0	3	2	3
5	3	55	2	2	4	1	1	1836	1	0	0	2	2	3
5	3	27	1	1	7	1	1	2460	1	0	0	2	2	8
5	4	41	2	2	5	1	1	1956	1	0	0	2	2	4
5	4	33	2	2	5	1	2	62	1	0	0	2	2	4
5	2	29	2	2	7	1	1	1910	1	0	0	2	2	8
5	4	42	2	2	5	1	2	1200	1	0	0	2	2	4
5	3	50	2	2	3	1	4	20000	2	0	0	4	2	2
5	3	40	2	4	5	1	1	1032	1	0	0	2	2	4
5	4	51	1	2	7	1	4	4200	2	0	0	4	2	8
5	4	40	1	2	5	1	1	2200	1	0	0	2	2	4
5	4	36	1	2	5	1	1	1620	1	0	0	2	2	4
5	7	44	1	2	5	1	4	1850	2	0	0	4	2	4
5	4	46	1	2	5	1	1	3900	1	0	0	2	2	4
5	4	45	2	2	4	1	1	580	1	0	0	2	2	3
5	3	23	2	1	6	1	1	2220	1	0	0	2	2	6
5	2	33	2	2	5	1	1	3500	1	0	0	2	2	4
5	4	57	2	2	5	1	1	360	1	0	0	2	2	4
5	1	37	1	1	5	3	1	1680	1	0	0	2	2	4
5	3	35	1	1	5	1	6	3720	4	0	0	4	2	4
5	6	49	2	2	5	1	3	900	1	0	0	2	2	4
5	5	40	2	2	5	1	4	7550	2	0	0	4	2	4
5	4	50	1	2	7	1	1	2124	1	0	0	2	2	8
5	4	48	2	2	5	1	2	720	1	0	0	2	2	4
5	3	33	1	2	6	1	1	3820	1	1	7	2	2	6
5	4	51	1	2	6	1	4	3700	2	0	0	4	2	6
5	4	39	1	2	5	1	2	2472	1	0	0	2	2	4
5	4	32	2	2	5	1	6	3500	4	0	0	4	2	4
5	4	34	1	2	5	1	4	3000	2	0	0	4	2	4
5	3	37	1	2	9	1	1	3924	1	0	0	1	2	10
5	5	36	2	2	5	1	2	1092	1	0	0	2	2	4
5	3	37	1	2	5	1	1	1560	1	0	0	2	2	4
5	4	47	2	2	6	1	1	2600	1	0	0	2	2	6
5	3	41	1	2	6	1	4	3000	2	0	0	4	2	6
5	6	60	2	2	4	1	1	600	1	0	0	2	2	3
5	4	24	1	1	5	1	1	1836	1	0	0	3	2	4
5	4	40	1	2	5	2	1	1250	1	0	0	2	2	4
5	4	31	1	2	5	1	4	1800	2	0	0	4	1	4
5	3	42	2	2	3	1	1	864	1	0	0	2	2	2
5	4	35	2	2	5	1	1	2400	1	0	0	3	2	4
5	2	52	1	2	5	1	3	1200	1	0	0	2	2	4
5	4	25	2	1	6	1	1	1848	1	0	0	1	2	6
5	5	29	2	1	7	1	1	1850	1	0	0	2	2	8
5	4	34	1	2	5	1	2	2500	1	0	0	2	2	4
5	6	69	2	5	3	1	1	840	1	0	0	2	2	2
5	4	36	2	2	7	1	1	4380	1	0	0	2	2	8
5	6	33	1	1	5	1	1	1224	1	0	0	2	2	4
5	2	61	1	2	4	1	4	2500	2	0	0	4	2	3
5	4	48	2	2	5	1	1	972	1	0	0	2	2	4
5	4	51	1	2	5	1	1	4200	1	0	0	1	2	4
5	4	40	2	2	5	1	6	500	4	0	0	4	2	4
5	5	47	2	2	4	1	4	2460	2	0	0	4	2	3
5	2	56	1	2	5	1	1	1800	1	0	0	1	2	4
5	4	36	1	2	7	1	4	3000	2	0	0	4	2	8
5	4	46	1	2	7	1	1	2472	1	0	0	2	2	8
5	4	26	2	1	7	1	1	1224	1	0	0	2	2	8
5	4	34	1	2	5	1	1	2800	1	0	0	2	2	4
5	2	30	1	2	7	1	1	2200	1	0	0	1	2	8
5	6	38	1	2	6	3	4	2200	2	0	0	4	2	5
5	3	52	2	3	4	1	1	720	1	0	0	2	2	3
5	3	23	2	1	5	1	1	120	1	0	0	2	1	4
5	4	26	2	1	6	1	1	1700	1	0	0	1	2	6
5	4	23	1	1	6	4	1	100	1	0	0	2	2	5
5	3	65	1	2	3	1	4	3636	2	0	0	4	2	2
5	3	33	1	2	7	1	1	4800	1	0	0	2	2	8
5	2	64	1	5	5	1	4	840	2	0	0	4	2	4
5	2	24	1	1	7	5	6	803	4	3	1	4	2	7
5	2	55	1	2	5	1	1	1908	1	0	0	2	2	4
5	4	32	1	2	8	1	4	2000	2	0	0	4	2	10
5	3	32	2	1	6	1	1	2600	1	0	0	2	2	6
5	3	49	1	2	5	1	4	3000	2	0	0	4	2	4
5	3	52	2	5	4	1	1	1164	1	0	0	2	2	3
5	4	41	1	2	5	1	1	1440	1	0	0	2	2	4
5	1	37	2	2	5	1	1	1692	1	0	0	2	2	4
5	4	25	2	1	6	1	2	300	1	0	0	2	2	6
5	4	52	1	2	5	1	1	2460	1	0	0	2	2	4
5	4	47	2	2	4	1	1	1596	1	0	0	2	2	3
5	3	37	2	2	6	1	1	2400	1	3	0	2	2	6
5	3	31	1	2	7	1	1	1836	1	0	0	1	2	8
5	4	37	1	2	7	3	1	2520	1	0	0	2	2	5
5	3	49	1	2	5	1	4	2460	2	0	0	4	2	4
5	4	43	1	2	5	1	4	1850	2	0	0	4	2	4
5	1	59	2	5	3	3	4	500	2	0	0	4	2	2
5	5	37	2	2	5	1	2	1200	1	0	0	2	2	4
5	6	44	1	2	5	1	4	6300	2	0	0	4	2	4
5	5	49	1	2	6	1	1	3600	1	0	0	2	2	6
5	4	49	1	2	4	1	1	1212	1	0	0	2	2	3
5	4	34	1	2	5	1	4	3084	2	0	0	4	2	4
5	3	24	1	1	6	3	1	800	1	0	0	2	2	5
5	5	57	2	2	4	1	4	2460	2	0	0	4	2	3
5	1	42	2	1	5	1	1	900	1	0	0	2	2	4
5	4	35	1	1	7	1	4	5000	2	0	0	4	2	8
5	4	52	1	2	4	1	4	3720	2	0	0	4	2	3
5	4	38	1	2	7	1	1	760	1	0	0	2	2	8
5	3	62	2	5	3	1	3	1000	1	0	0	2	2	2
5	5	27	2	1	6	1	1	1850	1	0	0	2	2	6
5	5	21	2	1	5	1	6	550	4	0	0	4	2	4
5	3	21	1	1	5	1	1	984	1	0	0	2	2	4
5	2	38	1	1	5	1	3	960	1	0	0	2	2	4
5	2	52	2	5	5	1	4	62	2	0	0	4	2	4
5	5	34	1	2	5	1	1	2400	1	0	0	1	2	4
5	7	31	1	1	7	1	1	1848	1	0	0	3	2	8
5	1	32	1	1	5	1	3	960	1	0	0	2	2	4
5	4	57	1	2	5	1	1	3480	1	0	0	1	1	4
5	5	51	1	2	3	1	3	1500	1	0	0	2	2	2
5	4	35	1	2	5	1	4	4944	2	0	0	4	2	4
5	7	33	2	2	7	1	4	2580	2	0	0	4	2	8
5	2	30	2	2	7	1	6	1800	4	0	0	4	2	8
5	4	23	2	1	5	1	1	1596	1	0	0	2	2	4
5	4	52	1	2	6	1	2	2400	1	0	0	2	2	6
5	4	33	2	2	5	1	6	720	4	0	0	4	2	4
5	3	24	1	1	6	1	1	918	1	0	0	3	2	6
5	5	44	1	2	5	1	3	1800	1	0	0	2	2	4
5	4	60	1	2	5	1	4	1320	2	0	0	4	2	4
5	4	43	2	2	4	1	1	960	1	0	0	3	2	3
5	4	50	2	2	3	1	4	1200	2	0	0	4	2	2
5	4	47	1	2	4	1	4	1200	2	0	0	4	2	3
5	4	53	1	2	4	1	6	800	4	0	0	4	2	3
5	3	54	1	2	5	1	4	2060	2	0	0	4	2	4
5	4	48	2	2	4	1	5	0	3	0	0	4	2	3
5	4	39	1	2	7	1	4	999999	2	0	0	4	2	8
5	3	36	1	1	5	1	6	960	4	0	0	4	2	4
5	5	39	1	2	5	1	1	2880	1	0	0	2	2	4
5	2	41	1	2	5	1	1	1850	1	0	0	2	2	4
5	4	58	1	2	5	1	3	1200	1	0	0	3	2	4
5	3	49	1	2	4	1	3	1812	1	0	0	2	2	3
5	4	33	1	1	8	1	1	3096	1	0	0	2	2	10
5	4	46	2	2	5	1	4	6600	2	0	0	4	2	4
5	3	38	1	2	5	1	4	6180	2	0	0	4	2	4
5	4	44	2	2	6	1	1	2160	1	0	0	2	2	6
5	3	29	2	2	6	1	1	2760	1	0	0	1	2	6
5	3	56	1	2	7	3	1	2712	1	0	0	2	2	5
5	4	45	1	2	4	3	1	2200	1	0	0	2	2	3
5	6	35	2	1	5	1	1	1440	1	0	0	2	2	4
5	4	37	1	1	5	1	1	2200	1	0	0	2	2	4
5	4	48	1	2	7	1	4	3720	2	0	0	4	2	8
5	2	32	1	2	7	1	1	3600	1	0	0	1	2	8
5	5	46	2	2	5	1	4	5170	2	0	0	4	2	4
5	1	36	2	2	5	1	6	1350	4	0	0	4	2	4
5	3	32	1	2	6	1	1	2760	1	0	0	2	2	6
5	2	46	1	2	4	1	3	3000	1	0	0	2	2	3
5	5	46	1	2	5	1	4	1200	2	0	0	4	2	4
5	4	39	1	2	5	1	1	2070	1	0	0	2	2	4
5	4	46	2	4	4	1	1	1700	1	0	0	2	2	3
5	4	32	2	2	5	1	1	1680	1	0	0	3	2	4
5	6	50	1	2	5	1	3	720	1	0	0	2	2	4
5	5	40	1	2	5	1	3	3720	1	0	0	2	2	4
5	3	28	1	2	6	1	1	2500	1	0	0	2	2	6
5	1	25	1	1	7	1	6	540	4	14	4	4	2	8
5	3	33	1	2	7	1	1	3720	1	0	0	1	2	8
5	3	44	2	2	7	1	4	3600	2	0	0	4	2	8
5	3	39	1	2	8	3	1	1200	1	10	30	2	2	9
5	5	50	1	2	8	1	4	1800	2	0	0	4	2	10
5	4	30	1	2	5	3	1	1596	1	0	0	2	2	4
5	3	54	1	2	5	1	1	912	1	0	0	2	2	4
5	4	46	1	2	5	1	1	4944	1	0	0	1	2	4
5	3	39	2	1	5	1	1	1212	1	0	0	3	2	4
5	3	51	2	2	3	1	1	876	1	0	0	2	2	2
5	4	47	1	4	5	1	1	2496	1	0	0	2	2	4
5	6	31	2	1	5	1	3	1200	1	0	0	2	2	4
5	2	57	1	2	7	1	4	3660	2	0	0	4	2	8
5	3	54	1	2	4	1	4	800	2	0	0	4	2	3
5	3	68	1	2	5	1	1	1064	1	0	0	2	2	4
5	1	30	1	1	5	1	1	1860	1	0	0	2	2	4
5	5	39	1	2	5	3	1	1236	1	0	0	1	2	4
5	4	28	1	2	7	1	1	1700	1	0	0	2	1	8
5	5	24	2	1	5	1	1	1350	1	0	0	2	2	4
5	3	33	2	2	7	1	1	3096	1	0	0	1	2	8
5	6	48	1	2	5	1	3	500	1	0	0	2	2	4
5	2	69	1	2	4	1	4	240	2	0	0	4	2	3
5	3	61	2	2	4	1	4	2500	2	0	0	4	2	3
5	4	43	2	2	5	1	4	900	2	0	0	4	2	4
5	4	38	2	2	5	1	1	984	1	0	0	2	2	4
5	3	26	1	1	5	1	1	1136	1	0	0	2	2	4
5	4	51	1	2	6	1	1	3450	1	0	0	2	2	6
8	5	46	1	2	5	1	4	3700	2	0	0	4	2	4
8	2	38	1	2	4	1	1	2175	1	0	0	1	2	3
8	3	68	1	2	4	1	3	30	1	0	0	2	2	3
8	4	49	1	2	5	1	4	3610	2	0	0	4	2	4
8	2	58	2	2	2	6	4	1200	2	0	0	4	2	1
8	3	27	2	2	5	1	1	2950	1	0	0	1	2	4
8	4	41	2	2	5	1	2	1200	1	0	0	2	2	4
8	3	31	1	1	8	5	1	1864	1	0	0	1	2	9
8	5	21	2	1	5	1	1	500	1	0	0	2	2	4
8	4	49	2	2	7	1	1	4400	1	0	0	1	2	8
8	3	64	1	2	2	6	3	600	1	0	0	2	2	1
8	1	52	1	4	4	1	3	1560	1	0	0	2	2	3
8	4	53	1	2	7	1	1	9000	1	0	0	1	2	8
8	5	43	1	2	6	1	4	6000	2	0	0	4	2	6
8	4	44	1	2	5	1	3	1224	1	0	0	2	2	4
8	3	36	1	2	5	1	1	4084	1	0	0	2	2	4
8	4	35	1	2	5	1	1	2800	1	0	0	2	2	4
8	4	21	2	1	7	4	1	420	1	0	0	2	2	7
8	5	42	2	2	5	1	6	999999	4	0	0	4	2	4
8	3	42	1	2	7	1	1	5300	1	0	0	1	2	8
8	5	45	2	2	7	1	4	13000	2	0	0	4	2	8
8	5	49	1	2	5	1	1	3900	1	0	0	1	2	4
8	3	31	1	2	5	1	4	2500	2	0	0	4	2	4
8	4	28	1	2	6	1	1	1380	1	0	0	1	2	6
8	3	19	1	1	6	4	2	78	1	0	0	2	2	5
8	1	31	2	1	6	1	1	3200	1	0	0	1	2	6
8	5	65	1	2	3	1	3	2160	1	0	0	2	2	2
8	4	51	2	2	5	1	1	1572	1	0	0	2	2	4
8	2	68	1	2	3	1	4	360	2	0	0	4	2	2
8	3	33	1	2	7	1	1	4000	1	0	0	1	2	8
8	3	44	2	2	5	1	2	888	1	0	0	2	2	4
8	3	31	1	2	5	1	1	1932	1	0	0	2	2	4
8	4	48	1	2	3	1	1	2232	1	0	0	1	2	2
8	4	48	1	2	5	1	3	1400	1	0	0	2	2	4
8	3	50	1	2	5	1	4	2700	2	0	0	4	2	4
8	4	53	1	2	4	1	4	4080	2	0	0	4	2	3
8	4	46	2	2	5	1	1	600	1	0	0	2	2	4
8	3	51	1	2	5	1	1	2496	1	0	0	2	2	4
8	5	39	1	2	7	1	4	3600	2	0	0	4	2	8
8	3	45	1	2	4	1	4	1512	2	0	0	4	2	3
8	4	40	1	2	5	1	1	2400	1	0	0	2	2	4
8	2	37	2	1	6	1	1	720	1	0	0	2	2	6
8	4	53	1	2	4	1	4	3048	2	0	0	4	2	3
8	4	65	1	2	3	1	2	1044	1	0	0	2	2	2
8	4	49	2	2	4	1	4	2516	2	0	0	4	2	3
8	3	59	1	2	4	1	1	1464	1	0	0	2	2	3
8	4	46	2	2	4	1	3	1896	1	0	0	2	2	3
8	3	34	1	2	7	1	1	3600	1	0	0	1	2	8
8	3	24	1	1	6	3	1	164	1	0	0	2	2	5
8	4	38	1	2	5	1	1	1854	1	0	0	2	2	4
8	3	39	1	2	7	1	4	12000	2	0	0	4	2	8
8	4	51	1	2	7	1	4	3020	2	0	0	4	2	8
8	4	50	1	2	8	1	4	21000	2	0	0	4	2	10
8	6	39	1	3	5	1	1	1820	1	0	0	1	2	4
8	5	39	1	2	5	1	1	3240	1	0	0	3	2	4
8	3	46	1	1	5	1	3	960	1	0	0	2	2	4
8	4	54	1	2	5	1	4	2800	2	0	0	4	2	4
8	3	40	2	2	4	1	6	960	4	0	0	4	2	3
8	2	26	2	2	5	1	1	3000	1	0	0	1	2	4
8	5	43	1	1	4	1	3	1800	1	0	0	2	2	3
8	4	64	1	2	5	1	6	3720	4	0	0	4	2	4
8	7	41	1	2	5	1	4	5300	2	0	0	4	2	4
8	2	61	2	2	5	1	2	840	1	0	0	2	2	4
8	3	27	2	1	5	1	2	560	1	0	0	2	2	4
8	3	36	1	1	7	1	4	970	2	0	0	4	2	8
8	3	37	1	2	7	1	1	2484	1	0	0	1	2	8
8	4	29	2	1	6	1	1	2100	1	0	0	2	2	6
8	3	38	1	2	7	1	1	3500	1	0	0	2	2	8
8	2	30	1	2	5	1	1	3000	1	0	0	2	2	4
8	5	48	1	2	7	1	1	2640	1	0	0	2	2	8
8	4	35	1	1	8	1	1	2100	1	0	0	2	2	10
8	4	24	2	1	6	1	1	1800	1	0	0	1	2	6
8	3	29	1	2	7	1	1	3000	1	0	0	2	2	8
8	5	29	2	1	5	1	1	600	1	0	0	2	2	4
8	3	28	1	1	6	1	1	1600	1	0	0	2	2	6
8	4	42	2	2	5	1	6	999999	4	0	0	4	2	4
8	4	36	1	2	7	1	1	3840	1	0	0	2	2	8
8	2	32	1	2	9	4	1	2916	1	0	0	1	2	10
8	4	43	1	2	7	1	4	3156	2	0	0	4	2	8
8	3	54	2	2	3	1	1	2760	1	0	0	1	2	2
8	4	37	1	2	8	1	1	5000	1	0	0	2	2	10
8	3	27	1	1	6	1	6	1048	4	0	0	4	2	6
8	3	41	1	2	5	1	1	5000	1	0	0	1	2	4
8	4	40	1	2	5	1	1	4346	1	0	0	2	2	4
8	4	29	1	2	6	3	1	2712	1	0	0	2	2	5
8	5	39	1	2	7	1	1	5500	1	0	0	1	2	8
8	5	21	2	1	7	4	6	15	4	0	0	4	2	6
8	2	51	2	2	4	1	3	840	1	0	0	2	2	3
8	4	42	1	2	7	1	4	5000	2	3	3	4	2	8
8	5	34	1	2	5	1	1	4000	1	0	0	1	2	4
8	2	51	2	1	7	1	6	612	4	0	0	4	2	8
8	4	46	1	2	7	1	4	6000	2	0	0	4	2	8
8	3	37	1	2	6	1	3	1320	1	0	0	2	2	6
8	4	26	2	1	7	1	1	1920	1	0	0	2	2	8
8	4	50	2	2	4	1	4	840	2	0	0	4	2	3
8	5	38	2	2	7	1	4	3050	2	0	0	4	2	8
8	1	76	2	5	2	6	3	177	1	0	0	2	2	1
8	1	38	1	1	5	1	3	1200	1	0	0	2	2	4
8	1	36	1	1	6	1	6	1700	4	0	0	4	2	6
8	5	47	1	2	5	1	1	6000	1	0	0	2	2	4
8	5	43	1	2	5	1	4	1200	2	0	0	4	2	4
8	3	52	1	4	4	1	4	1680	2	0	0	4	2	3
8	1	38	1	1	5	1	6	1272	4	0	0	4	2	4
8	3	60	1	2	5	1	4	6000	2	0	0	4	2	4
8	3	33	2	2	6	1	6	960	4	0	0	4	2	6
8	4	36	1	2	5	1	1	1800	1	0	0	2	2	4
8	4	60	1	2	5	1	3	1200	1	0	0	2	2	4
8	4	41	1	2	5	1	1	6000	1	0	0	1	2	4
8	2	76	1	2	3	1	4	734	2	0	0	4	2	2
8	4	57	1	2	3	1	3	1800	1	0	0	2	2	2
8	2	32	1	2	5	1	1	1896	1	0	0	2	2	4
8	3	47	1	2	6	1	1	4400	1	0	0	2	2	6
8	3	59	1	2	7	3	1	5520	1	0	0	2	2	5
8	3	60	2	2	3	1	3	1512	1	0	0	2	2	2
8	6	56	1	2	5	1	1	1900	1	0	0	2	2	4
8	4	61	1	2	4	1	4	1200	2	0	0	4	2	3
8	3	23	2	1	7	5	6	960	4	0	0	4	2	6
8	2	35	1	1	5	1	3	2400	1	0	0	2	2	4
8	4	66	2	2	3	1	2	864	1	0	0	1	2	2
8	3	35	1	2	5	1	4	3900	2	0	0	4	2	4
8	4	37	2	2	6	1	6	250	4	0	0	4	2	6
8	4	41	1	2	5	1	1	3700	1	0	0	2	2	4
8	5	47	2	2	5	1	1	1330	1	0	0	2	2	4
8	3	48	1	2	5	1	1	1700	1	0	0	2	2	4
8	4	54	1	2	5	1	4	3216	2	0	0	4	2	4
8	3	58	1	2	4	1	4	600	2	0	0	4	2	3
8	3	48	2	2	8	1	1	3036	1	0	0	1	2	10
8	6	37	1	2	6	1	1	4800	1	0	0	1	2	6
8	1	45	2	2	4	1	6	100	4	0	0	4	2	3
8	4	53	1	2	5	1	4	3120	2	0	0	4	2	4
8	3	26	2	2	5	1	6	576	4	0	0	4	2	4
8	4	59	1	2	5	1	2	1224	1	0	0	2	2	4
8	3	31	1	2	5	1	1	2400	1	0	0	2	2	4
8	3	50	2	5	4	1	4	840	2	0	0	4	2	3
8	3	42	2	2	5	1	2	1200	1	0	0	2	2	4
8	2	65	2	2	3	1	1	960	1	0	0	2	2	2
8	4	39	1	2	5	1	2	3150	1	0	0	2	2	4
8	3	30	1	1	7	1	1	3500	1	0	0	1	2	8
8	5	36	2	2	5	1	1	1660	1	0	0	2	2	4
8	4	39	2	2	7	1	1	1900	1	0	0	2	2	8
8	2	30	1	2	7	1	1	2640	1	2	1	2	2	8
8	4	47	1	2	4	1	1	2796	1	0	0	2	2	3
8	4	39	1	2	5	1	4	3750	2	0	0	4	2	4
8	3	67	1	2	5	1	4	2435	2	0	0	4	2	4
8	3	31	2	2	7	1	1	3000	1	7	1	2	2	8
8	3	32	1	1	5	1	4	4000	2	0	0	4	2	4
8	3	51	1	2	5	1	1	1920	1	0	0	2	2	4
8	5	26	2	1	6	1	1	1116	1	0	0	2	2	6
8	3	53	1	2	5	1	4	2800	2	0	0	4	2	4
8	3	69	1	2	2	6	4	60	2	0	0	4	2	1
8	3	32	2	2	6	1	1	1000	1	0	0	2	2	6
8	4	42	1	2	5	1	1	4872	1	0	0	2	2	4
8	3	58	1	2	5	1	4	1980	2	0	0	4	2	4
8	5	26	1	1	6	1	1	2724	1	0	0	1	2	6
8	1	45	1	1	5	1	1	600	1	0	0	2	2	4
8	3	33	1	1	7	1	1	3180	1	0	0	1	2	8
8	2	70	1	2	5	1	1	1140	1	0	0	2	2	4
8	4	51	1	2	7	1	1	4200	1	0	0	2	2	8
8	1	43	1	1	5	1	4	1625	2	0	0	4	2	4
8	4	54	1	2	5	1	1	2424	1	0	0	2	2	4
8	4	33	2	2	5	1	1	1512	1	0	0	2	2	4
8	4	44	2	2	5	1	1	840	1	0	0	2	2	4
8	4	56	1	2	5	1	1	5400	1	0	0	1	2	4
8	3	36	1	1	7	1	1	2016	1	0	0	2	2	8
8	4	39	1	4	5	1	3	1560	1	0	0	2	2	4
8	5	58	2	2	4	1	4	960	2	0	0	4	2	3
8	4	30	2	2	7	1	6	1320	4	0	0	4	2	8
8	3	59	2	2	5	1	2	672	1	0	0	1	2	4
8	4	45	2	2	7	1	1	2000	1	0	0	2	2	8
8	3	32	1	2	5	1	1	1824	1	0	0	2	2	4
8	1	42	2	4	5	1	2	360	1	0	0	2	2	4
8	4	56	1	2	4	1	1	4560	1	0	0	1	2	3
8	3	31	1	2	6	1	1	3300	1	0	0	1	2	6
8	5	46	2	2	8	1	1	4308	1	0	0	3	2	10
8	3	38	1	2	9	2	1	3000	1	0	0	1	2	10
8	4	39	1	2	5	1	3	1800	1	0	0	2	2	4
8	2	63	1	2	5	3	1	600	1	0	0	1	2	4
8	4	36	1	2	7	1	1	5300	1	0	0	2	2	8
8	4	43	1	2	5	1	1	750	1	0	0	2	1	4
8	3	29	1	2	5	1	1	2676	1	0	0	2	2	4
8	4	43	1	2	7	1	1	2400	1	0	0	2	2	8
8	2	62	1	2	5	1	1	1584	1	0	0	2	2	4
8	3	31	1	2	6	1	1	1800	1	0	0	2	2	6
8	4	21	2	1	6	4	1	2500	1	3	0	1	2	5
8	6	31	2	1	5	1	6	2500	4	0	0	4	2	4
8	3	65	1	2	4	1	1	900	1	0	0	2	2	3
8	4	46	1	2	5	1	3	350	1	0	0	2	2	4
8	4	59	1	2	3	3	4	2400	2	0	0	4	2	2
8	2	59	1	2	3	1	4	440	2	0	0	4	2	2
8	5	51	1	2	7	1	1	4980	1	0	0	2	2	8
8	2	37	1	1	6	1	1	4958	1	0	0	2	2	6
8	3	34	1	2	7	1	1	3600	1	0	0	2	2	8
8	4	39	1	2	5	1	1	5500	1	0	0	1	2	4
8	4	20	1	1	6	5	6	420	4	0	0	4	2	5
8	4	56	1	2	5	1	1	1050	1	0	0	2	2	4
8	5	51	2	2	3	1	6	200	4	0	0	4	2	2
8	4	46	2	2	5	1	1	1308	1	0	0	2	2	4
8	3	28	2	2	7	1	6	500	4	0	0	4	2	8
8	4	25	2	1	7	1	6	2280	4	0	0	4	2	8
8	5	46	2	2	5	1	1	720	1	0	0	2	2	4
8	4	27	1	1	5	1	1	1356	1	0	0	2	2	4
8	4	58	1	2	3	1	3	1848	1	0	0	2	2	2
8	2	38	1	2	7	1	1	5700	1	0	0	1	2	8
8	4	37	1	3	6	1	1	1200	1	0	0	2	2	6
8	6	35	1	2	6	1	1	3570	1	0	0	2	2	6
8	4	45	1	2	8	1	1	5000	1	0	0	1	2	10
8	3	30	1	1	7	1	1	2084	1	0	0	2	2	8
8	4	54	1	2	6	1	1	6000	1	0	0	1	2	6
8	4	38	2	2	5	1	1	1692	1	0	0	2	2	4
8	1	27	1	1	4	1	2	1320	1	0	0	2	2	3
8	4	41	1	4	5	1	1	1850	1	0	0	1	2	4
8	3	38	2	4	5	1	4	400	2	0	0	4	2	4
8	2	67	1	2	5	1	4	740	2	0	0	4	2	4
8	3	45	1	2	7	1	1	5400	1	0	0	1	2	8
8	5	40	1	2	7	1	1	5444	1	0	0	2	2	8
8	3	29	1	2	6	1	1	2040	1	0	0	2	2	6
8	6	24	2	1	6	1	1	2472	1	0	0	2	2	6
8	1	38	1	4	7	3	1	1200	1	5	0	2	2	6
8	4	36	2	2	5	1	4	1860	2	0	0	4	2	4
8	4	49	1	2	5	1	4	4920	2	0	0	4	2	4
8	4	40	2	2	5	1	6	560	4	0	0	4	2	4
8	5	41	1	2	5	1	4	3000	2	0	0	4	2	4
8	3	47	2	4	5	1	4	1552	2	0	0	4	2	4
8	2	32	1	2	8	1	1	5200	1	0	0	2	2	10
8	3	27	1	1	6	1	1	2100	1	0	0	2	2	6
8	3	54	1	2	5	1	4	7128	2	0	0	4	2	4
8	2	60	1	2	5	3	4	1000	2	0	0	4	2	4
8	6	44	1	2	5	1	1	4300	1	0	0	1	2	4
8	5	45	2	2	4	1	1	1200	1	0	0	1	2	3
8	1	28	1	1	7	1	1	2800	1	0	0	2	2	8
8	3	33	2	2	7	1	1	3240	1	7	10	1	2	8
8	4	38	1	2	7	1	1	2268	1	0	0	2	2	8
8	4	38	2	2	7	1	4	70	2	0	0	4	2	8
8	4	42	2	2	5	1	4	1900	2	0	0	4	2	4
8	2	50	1	2	4	1	1	1056	1	0	0	2	2	3
8	2	37	2	1	7	1	1	3408	1	0	0	1	2	8
8	4	53	1	2	7	1	4	11000	2	0	0	4	2	8
8	10	44	1	2	4	3	1	840	1	0	0	2	2	3
8	2	33	1	2	6	1	1	2524	1	0	0	2	2	6
8	4	61	1	2	5	3	6	1080	4	0	0	4	2	4
8	4	36	2	2	7	3	1	660	1	0	0	2	2	5
8	2	30	2	2	8	4	4	450	2	0	0	4	2	9
8	5	35	2	2	7	1	4	300	2	0	0	4	2	8
8	2	47	1	4	5	1	1	1224	1	0	0	1	2	4
8	4	39	1	2	7	1	1	3500	1	0	0	1	2	8
8	3	46	2	2	5	1	1	984	1	0	0	2	2	4
8	4	57	1	2	5	1	3	2200	1	0	0	2	2	4
8	4	22	2	1	7	4	6	60	4	0	0	4	2	5
8	2	78	2	5	2	6	6	360	4	0	0	4	2	1
8	3	37	2	1	7	1	1	2196	1	0	0	2	2	8
8	2	55	1	2	5	1	1	1728	1	0	0	2	2	4
8	4	36	2	2	7	1	1	1488	1	0	0	2	2	8
8	4	43	2	2	7	1	1	4872	1	0	0	1	2	8
8	3	27	1	1	7	1	1	142	1	0	0	2	2	8
8	4	45	1	2	5	1	4	13000	2	0	0	4	2	4
8	2	61	1	1	5	1	6	1740	4	0	0	4	2	4
8	4	45	1	2	6	1	4	4920	2	0	0	4	2	6
8	4	40	1	2	5	1	1	2136	1	0	0	2	2	4
8	4	32	1	1	7	1	1	1560	1	0	0	2	2	8
8	4	45	1	2	5	1	1	3700	1	0	0	2	2	4
8	5	50	1	2	5	1	4	300	2	0	0	4	2	4
8	2	60	1	4	3	1	4	1600	2	0	0	4	2	2
8	2	62	1	2	5	1	2	1128	1	0	0	3	2	4
8	3	25	2	1	5	1	6	70	4	0	0	4	2	4
8	3	51	2	2	3	3	3	800	1	0	0	2	2	2
8	5	48	2	2	6	1	4	1030	2	0	0	4	2	6
8	3	52	1	2	4	3	3	2400	1	0	0	2	2	3
8	4	59	2	2	4	1	4	1200	2	0	0	4	2	3
8	4	49	2	2	4	1	3	1200	1	0	0	2	2	3
8	1	35	1	1	6	1	1	3048	1	0	0	2	2	6
8	4	33	1	2	6	1	1	3000	1	0	0	2	2	6
8	2	45	1	4	6	1	3	1000	1	0	0	2	2	6
8	4	29	2	1	5	1	1	1272	1	0	0	2	2	4
8	1	19	2	1	5	1	1	600	1	0	0	2	2	4
8	4	46	2	2	5	1	1	6500	1	0	0	1	2	4
8	3	27	1	1	6	1	1	1150	1	0	0	1	2	6
8	4	23	2	1	6	1	1	1464	1	0	0	2	2	6
8	4	31	1	2	7	1	1	2200	1	0	0	2	2	8
8	4	35	1	2	5	1	1	2088	1	0	0	2	2	4
8	3	38	1	1	6	1	4	3600	2	0	0	4	2	6
8	1	47	1	4	5	1	3	1000	1	0	0	2	2	4
8	4	31	1	2	7	4	1	2500	1	0	0	1	2	7
8	1	66	2	5	3	3	3	87	1	0	0	2	2	2
8	2	29	1	2	6	1	1	1980	1	0	0	2	2	6
8	1	74	2	5	5	1	4	100	2	0	0	4	2	4
8	4	41	1	2	5	1	6	3000	4	0	0	4	2	4
8	4	45	1	2	5	1	1	2604	1	0	0	1	2	4
8	4	45	1	2	7	1	4	12000	2	0	0	4	2	8
8	2	34	1	2	6	1	1	2200	1	0	0	2	2	6
8	3	49	1	2	9	1	1	3600	1	0	0	2	2	10
8	5	25	2	1	7	1	1	1332	1	0	0	2	2	8
8	4	26	1	1	5	1	6	1500	4	0	0	4	2	4
8	4	20	2	1	6	4	6	112	4	0	0	4	2	5
8	1	29	2	2	7	1	6	1596	4	7	0	4	2	8
8	5	45	1	2	6	4	4	4800	2	0	0	4	2	5
8	4	35	1	2	8	1	1	3320	1	0	0	2	2	10
8	5	47	1	2	4	1	1	3000	1	0	0	2	2	3
8	4	40	1	2	7	1	1	5568	1	0	0	1	2	8
8	3	34	1	2	6	1	1	2472	1	0	0	2	2	6
8	4	40	1	2	8	1	1	9000	1	0	0	1	2	10
8	4	56	1	2	5	3	4	1298	2	0	0	4	2	4
8	2	52	2	2	3	1	6	945	4	0	0	4	2	2
8	5	44	2	2	7	1	1	3480	1	0	0	1	2	8
8	1	27	2	1	6	1	1	1120	1	0	0	1	2	6
8	3	32	1	2	5	1	1	3000	1	0	0	2	2	4
8	5	44	2	2	6	1	1	1170	1	0	0	2	2	6
8	3	43	1	2	6	1	1	1992	1	0	0	2	2	6
8	4	27	1	1	5	1	1	2472	1	0	0	2	2	4
8	4	63	1	2	4	1	4	845	2	0	0	4	2	3
8	1	55	2	5	3	1	1	720	1	0	0	1	2	2
8	5	36	2	2	7	1	1	2400	1	0	0	1	2	8
8	4	31	1	1	5	1	1	1680	1	0	0	2	2	4
8	4	45	1	2	7	3	4	2040	2	0	0	4	2	6
8	3	54	1	2	7	1	1	1800	1	0	0	2	2	8
8	5	44	1	2	5	1	1	2740	1	0	0	2	2	4
8	3	63	1	2	5	1	3	200	1	0	0	2	2	4
8	4	44	2	2	5	1	6	1200	4	0	0	4	2	4
8	4	27	1	1	6	1	4	1200	2	0	0	4	2	6
8	4	52	1	2	5	1	4	5290	2	0	0	4	2	4
8	6	41	2	2	5	1	3	1400	1	0	0	2	2	4
8	3	33	1	2	5	1	4	1200	2	0	0	4	2	4
8	4	50	1	2	7	1	1	6300	1	0	0	2	2	8
8	4	27	2	1	6	1	1	1980	1	0	0	2	2	6
8	4	45	1	2	5	1	3	3600	1	0	0	2	2	4
8	4	45	2	2	5	1	6	350	4	0	0	4	2	4
8	4	47	1	2	5	1	4	3150	2	0	0	4	2	4
8	3	68	2	5	3	1	2	360	1	0	0	2	2	2
8	2	25	2	1	5	1	1	1620	1	0	0	2	2	4
8	4	45	1	2	5	1	4	5000	2	0	0	4	2	4
8	4	32	1	2	5	1	1	3000	1	0	0	2	2	4
8	3	59	1	2	5	1	4	840	2	0	0	4	2	4
8	4	47	2	2	3	1	3	1344	1	0	0	2	2	2
8	4	29	1	1	7	3	1	2484	1	0	0	2	2	6
8	4	41	1	2	5	1	1	1940	1	0	0	2	2	4
8	4	45	1	2	6	1	1	2550	1	0	0	2	2	6
8	4	47	1	2	7	1	1	3700	1	0	0	1	2	8
8	2	27	2	2	7	1	1	1620	1	0	0	2	2	8
8	3	32	1	2	5	1	1	2400	1	0	0	1	2	4
8	4	26	1	1	5	1	3	1920	1	0	0	2	2	4
8	3	33	2	2	7	1	1	2000	1	0	0	2	2	8
8	3	40	2	2	5	1	2	1632	1	0	0	2	2	4
8	3	58	2	2	5	1	2	960	1	0	0	2	2	4
8	4	39	2	1	7	1	4	720	2	0	0	4	2	8
8	3	38	1	2	5	1	4	1800	2	0	0	4	2	4
8	5	46	2	2	4	1	3	1200	1	0	0	2	2	3
8	2	36	2	1	8	1	1	3400	1	0	0	1	2	10
8	3	28	1	1	6	1	2	916	1	0	0	2	2	6
8	2	24	1	1	6	3	1	420	1	0	0	2	2	5
8	3	36	1	1	7	1	4	4240	2	0	0	4	2	8
8	4	39	1	2	5	1	1	2040	1	0	0	2	2	4
8	4	44	1	2	6	1	1	3820	1	0	0	1	2	6
8	3	27	1	2	6	1	1	2172	1	0	0	2	2	6
8	4	28	2	2	7	1	1	2100	1	4	0	2	2	8
8	2	26	2	2	5	1	1	2300	1	0	0	2	2	4
8	4	54	2	2	5	1	1	2664	1	0	0	2	2	4
8	1	32	1	1	6	1	1	3000	1	0	0	2	2	6
8	4	46	2	2	7	1	4	2500	2	0	0	4	2	8
8	4	43	2	2	5	1	1	1980	1	0	0	2	2	4
8	4	48	2	2	5	1	3	1200	1	0	0	2	2	4
8	3	50	2	2	4	1	4	0	2	0	0	4	2	3
8	4	50	1	2	5	1	3	1536	1	0	0	2	2	4
8	2	77	2	5	2	6	4	900	2	0	0	4	2	1
8	3	59	1	2	3	1	4	3408	2	0	0	4	2	2
8	1	33	1	1	6	1	1	3600	1	0	0	2	2	6
8	3	30	2	2	5	1	6	1500	4	0	0	4	2	4
8	2	33	1	2	7	1	1	3000	1	0	0	1	2	8
8	6	65	1	2	4	1	3	1860	1	0	0	3	2	3
8	6	48	2	2	4	1	1	1440	1	0	0	2	2	3
8	4	25	2	1	6	1	1	1512	1	0	0	2	2	6
8	4	42	1	2	7	3	1	4400	1	0	0	2	2	5
8	1	63	2	5	2	6	4	500	2	0	0	4	2	1
8	3	56	2	5	4	1	4	1872	2	0	0	4	2	3
8	1	72	1	3	5	1	1	1080	1	0	0	2	2	4
8	3	54	2	2	8	1	4	6500	2	0	0	4	2	10
8	1	31	1	1	7	1	1	4500	1	0	0	1	2	8
8	10	44	1	2	5	1	1	1200	1	0	0	2	2	4
8	4	37	2	2	6	1	1	1440	1	0	0	2	2	6
8	4	48	1	2	5	1	4	3096	2	0	0	4	2	4
8	4	52	1	2	5	1	1	2184	1	0	0	1	2	4
8	4	37	1	2	7	1	1	4500	1	0	0	2	2	8
8	4	43	1	2	6	1	1	5000	1	0	0	1	2	6
8	4	41	1	2	7	1	1	1800	1	0	0	2	2	8
8	3	37	1	2	5	1	1	2160	1	0	0	2	2	4
8	6	69	1	2	3	1	6	560	4	0	0	4	2	2
8	3	30	1	1	7	1	1	1980	1	0	0	2	2	8
8	4	25	2	1	6	1	1	1512	1	0	0	2	2	6
8	4	45	1	2	5	1	4	3000	2	0	0	4	2	4
8	3	32	1	2	5	1	6	1596	4	0	0	4	2	4
8	5	47	1	2	5	1	1	2316	1	0	0	2	2	4
8	4	28	2	1	6	1	1	2500	1	0	0	1	2	6
8	4	41	1	2	7	4	1	5000	1	0	0	2	2	6
8	3	35	1	2	7	1	1	5712	1	0	0	1	2	8
8	4	55	1	2	5	1	1	1200	1	0	0	2	2	4
8	5	50	1	2	4	1	3	1872	1	0	0	2	2	3
8	3	27	2	1	6	3	6	880	4	0	0	4	2	5
8	1	59	1	4	5	3	1	500	1	0	0	2	2	4
8	1	39	1	5	5	1	3	2500	1	0	0	2	2	4
8	2	34	1	1	6	1	4	1870	2	0	0	4	2	6
8	2	32	1	1	5	1	4	5100	2	0	0	4	2	4
8	3	28	2	2	6	1	1	1100	1	0	0	2	2	6
8	4	39	1	2	7	1	1	4100	1	0	0	2	2	8
8	4	50	2	2	3	1	4	6360	2	0	0	4	2	2
8	4	47	1	2	6	1	1	2448	1	0	0	2	2	6
8	4	47	2	2	5	1	4	1220	2	0	0	4	2	4
8	4	51	2	2	7	1	1	6000	1	0	0	1	2	8
8	4	45	1	2	5	1	3	1992	1	0	0	2	2	4
8	4	55	1	2	5	1	4	1200	2	0	0	4	2	4
8	4	30	1	1	6	1	1	1750	1	0	0	2	2	6
8	1	43	1	2	5	1	4	3100	2	0	0	4	2	4
8	6	45	1	2	6	1	4	4230	2	0	0	4	2	6
8	4	38	1	2	7	1	4	1800	2	0	0	4	2	8
8	4	47	1	2	5	1	1	2736	1	0	0	2	2	4
8	3	40	1	2	5	1	1	1580	1	0	0	2	2	4
8	4	32	1	2	6	3	2	1000	1	0	0	2	2	5
8	2	34	1	2	9	4	1	3500	1	5	0	1	2	10
8	2	61	1	2	4	1	6	960	4	0	0	4	2	3
8	2	27	1	2	5	1	2	3000	1	0	0	1	2	4
8	4	50	1	2	5	1	1	2100	1	0	0	2	2	4
8	3	61	1	2	4	1	4	1483	2	0	0	4	2	3
8	4	36	2	2	6	1	1	1596	1	3	10	2	2	6
8	3	43	2	4	5	1	1	960	1	0	0	2	2	4
8	4	38	1	2	7	1	1	7752	1	0	0	2	2	8
8	6	32	2	1	5	1	1	2800	1	0	0	1	2	4
8	1	27	1	1	6	3	1	1950	1	0	0	2	2	5
8	3	58	1	2	4	1	4	6120	2	0	0	4	2	3
8	6	45	1	2	4	1	1	2496	1	0	0	2	2	3
8	4	38	1	2	7	1	4	11000	2	0	0	4	2	8
8	4	52	1	2	6	1	1	5200	1	0	0	1	2	6
8	3	58	1	2	4	1	2	2400	1	0	0	2	2	3
8	3	36	1	1	5	1	1	3120	1	0	0	1	2	4
8	3	67	2	2	3	1	3	1080	1	0	0	2	2	2
8	4	37	1	2	7	1	1	3480	1	0	0	2	2	8
8	2	36	2	2	7	1	6	280	4	0	0	4	2	8
8	3	33	2	2	7	1	6	4680	4	0	0	4	2	8
8	5	47	1	2	7	1	4	9916	2	0	0	4	2	8
8	4	25	1	1	5	1	1	1512	1	0	0	2	2	4
8	3	35	1	1	5	1	1	3360	1	0	0	1	2	4
8	2	67	1	2	8	2	1	9600	1	0	0	2	2	10
8	1	30	1	1	7	1	1	3600	1	0	0	1	2	8
8	4	60	1	2	4	3	4	3600	2	0	0	4	2	3
8	4	24	2	1	6	1	2	1980	1	0	0	1	2	6
8	3	32	2	1	6	1	1	206	1	0	0	2	2	6
8	3	33	1	2	5	1	1	3120	1	0	0	2	2	4
8	4	42	1	2	5	1	1	3952	1	0	0	2	2	4
8	5	36	2	2	4	1	3	1440	1	0	0	2	2	3
8	3	53	1	2	5	1	1	1850	1	0	0	2	2	4
8	4	52	1	2	5	1	4	6000	2	0	0	4	2	4
8	4	46	2	2	4	1	1	1200	1	0	0	2	2	3
8	4	55	2	2	2	6	1	1368	1	0	0	2	2	1
8	4	42	1	2	6	1	4	2485	2	0	0	4	2	6
8	2	68	1	2	7	1	6	1300	4	0	0	4	2	8
8	4	76	1	2	5	1	4	50	2	0	0	4	2	4
8	3	31	2	2	7	1	1	2340	1	0	0	1	2	8
8	2	53	2	5	3	1	4	1200	2	0	0	4	2	2
8	4	32	2	2	5	1	1	4620	1	0	0	1	2	4
8	4	25	2	1	7	1	1	1560	1	0	0	2	2	8
8	5	26	2	1	5	1	1	1420	1	0	0	2	2	4
8	4	34	1	2	7	1	4	3650	2	0	0	4	2	8
8	3	51	2	2	5	1	1	1300	1	0	0	2	2	4
8	5	33	1	2	5	1	1	3200	1	0	0	2	2	4
8	1	34	1	1	8	2	1	1971	1	0	0	2	2	10
8	4	69	1	2	7	1	4	3100	2	0	0	4	2	8
8	2	60	1	2	2	6	1	1100	1	0	0	2	2	1
8	4	44	1	2	5	1	1	3180	1	0	0	2	2	4
8	4	34	1	2	6	1	1	450	1	0	0	1	2	6
8	1	44	1	1	4	1	3	250	1	0	0	2	2	3
8	1	33	1	1	5	1	1	3700	1	0	0	2	2	4
8	5	42	1	2	6	1	4	1800	2	0	0	4	1	6
8	4	54	1	2	7	1	4	3030	2	0	0	4	2	8
8	3	61	1	4	5	1	3	1800	1	0	0	2	2	4
8	4	47	1	2	5	1	4	5000	2	0	0	4	2	4
8	4	35	1	2	7	1	4	10000	2	0	0	4	2	8
8	3	42	1	1	5	1	3	1800	1	0	0	2	2	4
8	3	24	2	1	6	1	1	1420	1	0	0	2	1	6
8	4	50	1	2	5	1	3	1800	1	0	0	2	2	4
8	4	47	2	2	4	1	4	3700	2	0	0	4	2	3
8	4	30	1	1	7	1	1	3500	1	0	0	1	2	8
8	4	40	1	2	5	1	4	3000	2	0	0	4	2	4
8	5	50	1	2	4	1	3	740	1	0	0	2	2	3
8	4	45	1	2	7	1	1	5700	1	0	0	1	2	8
8	5	46	2	2	5	1	1	2000	1	0	0	2	2	4
8	3	69	1	2	3	1	1	300	1	0	0	2	2	2
8	4	52	1	2	4	1	4	6300	2	0	0	4	2	3
8	4	31	1	1	6	1	2	1200	1	0	0	2	2	6
8	1	34	1	1	7	1	1	4500	1	0	0	2	2	8
8	2	29	1	2	5	1	1	2500	1	0	0	2	2	4
8	5	28	2	1	7	1	1	2448	1	0	0	1	1	8
8	4	41	1	2	5	1	1	2916	1	0	0	2	2	4
8	4	44	2	2	5	1	6	1080	4	0	0	4	2	4
8	4	36	2	2	5	1	1	960	1	0	0	2	2	4
8	3	51	2	2	6	4	1	5000	1	0	0	1	2	5
8	4	49	1	2	5	1	1	3600	1	0	0	2	2	4
8	2	47	1	4	3	1	1	1320	1	0	0	2	2	2
8	4	47	1	2	4	1	4	3360	2	0	0	4	2	3
8	2	28	1	1	6	1	1	1584	1	0	0	2	2	6
8	3	46	1	5	5	1	4	1200	2	0	0	4	2	4
8	3	29	2	2	7	1	2	1800	1	0	0	2	2	8
8	4	53	1	2	7	1	4	6600	2	0	0	4	2	8
8	5	38	2	2	5	3	1	1452	1	0	0	2	2	4
8	3	30	1	1	6	1	1	2400	1	0	0	2	2	6
8	2	55	2	2	4	1	1	1080	1	0	0	2	2	3
8	1	53	1	4	5	1	4	1830	2	0	0	4	2	4
8	3	48	1	2	7	3	4	3000	2	0	0	4	2	6
8	3	63	1	2	2	6	3	2400	1	0	0	2	2	1
8	4	25	2	1	7	1	1	1560	1	0	0	3	2	8
8	4	50	1	2	5	1	1	3500	1	0	0	2	2	4
8	4	24	1	1	6	1	1	1824	1	0	0	2	2	6
8	4	43	1	2	7	1	1	2112	1	0	0	2	2	8
8	2	34	1	2	5	1	1	1750	1	0	0	2	2	4
8	4	40	1	2	5	1	1	3600	1	0	0	1	2	4
8	5	45	2	2	5	1	4	1350	2	0	0	4	2	4
8	4	37	1	2	5	1	1	4800	1	0	0	1	2	4
8	3	35	1	2	7	1	1	5976	1	0	0	1	1	8
8	5	38	2	2	5	1	1	1644	1	0	0	2	2	4
8	4	32	1	2	5	1	1	2900	1	0	0	1	2	4
8	3	63	1	2	5	1	4	2250	2	0	0	4	2	4
8	3	71	1	2	3	1	4	1800	2	0	0	4	2	2
8	3	26	1	1	6	3	1	1700	1	0	0	2	2	5
8	2	36	2	2	7	1	6	1200	4	0	0	4	2	8
8	3	39	1	1	4	1	6	1200	4	0	0	4	2	3
8	3	33	1	2	7	1	4	3200	2	0	0	4	2	8
8	4	47	1	2	7	1	4	1050	2	0	0	4	2	8
8	4	54	1	2	5	1	4	4800	2	0	0	4	2	4
8	3	24	1	2	5	1	1	1305	1	0	0	2	2	4
8	4	46	1	2	5	1	1	3300	1	0	0	1	2	4
8	2	28	1	1	6	1	1	1356	1	0	0	2	2	6
8	5	45	1	2	9	2	1	10700	1	0	0	2	2	10
8	3	31	2	1	5	1	1	1220	1	0	0	2	2	4
8	4	49	1	2	9	1	1	7000	1	0	0	2	2	10
8	2	30	1	2	7	1	1	2500	1	0	0	1	2	8
8	1	28	1	4	5	1	1	2400	1	0	0	2	2	4
8	3	39	1	2	7	1	1	3980	1	0	0	1	2	8
8	1	55	1	4	3	1	1	1200	1	0	0	2	2	2
8	4	37	1	2	7	1	1	2460	1	0	0	2	2	8
8	3	58	1	2	5	1	4	4800	2	0	0	4	2	4
8	5	65	1	2	5	1	4	2450	2	0	0	4	2	4
8	4	42	2	2	4	1	1	960	1	0	0	2	2	3
8	3	30	1	2	6	1	3	1310	1	0	0	2	2	6
8	5	47	1	2	8	1	1	4800	1	0	0	1	2	10
8	4	45	2	2	5	1	1	960	1	0	0	2	2	4
8	3	30	2	2	5	1	1	960	1	0	0	2	2	4
8	4	38	2	2	5	1	1	800	1	0	0	2	2	4
8	4	25	2	1	5	1	1	1236	1	0	0	2	2	4
8	4	38	1	2	5	1	1	2200	1	0	0	1	1	4
8	2	34	2	1	6	1	1	2900	1	3	0	2	2	6
8	2	36	2	4	5	1	1	1580	1	0	0	2	2	4
8	3	34	1	2	8	3	1	2600	1	0	0	2	2	9
8	4	30	2	1	5	1	1	1620	1	0	0	2	2	4
8	5	40	1	2	6	3	1	2500	1	0	0	2	2	5
8	5	45	2	2	5	1	1	1000	1	0	0	2	2	4
8	2	61	1	2	4	1	4	2500	2	0	0	4	2	3
8	4	37	1	2	5	1	1	3200	1	0	0	2	2	4
8	3	46	1	2	7	1	4	3816	2	0	0	4	2	8
8	5	29	2	1	6	1	1	600	1	0	0	2	2	6
8	3	30	2	2	6	1	1	2500	1	0	0	2	2	6
8	4	47	1	2	6	1	4	4000	2	0	0	4	2	6
8	2	37	1	2	7	1	1	3000	1	0	0	2	2	8
8	1	29	1	1	7	1	1	4100	1	0	0	2	2	8
8	4	25	1	1	6	3	6	505	4	0	0	4	2	5
8	4	30	1	2	5	1	1	1950	1	0	0	2	2	4
8	3	49	1	2	8	1	1	7416	1	1	0	2	2	10
8	2	64	1	2	3	1	3	2100	1	0	0	2	2	2
8	4	45	1	2	7	1	1	6000	1	0	0	1	2	8
8	4	31	1	2	7	1	1	1944	1	0	0	2	2	8
8	3	37	1	1	5	1	1	2496	1	0	0	2	2	4
8	4	38	1	2	6	1	1	1488	1	0	0	2	2	6
8	4	34	1	2	5	1	4	2400	2	0	0	4	2	4
8	2	33	1	1	7	1	1	785	1	0	0	2	2	8
8	5	34	1	2	6	1	4	2310	2	0	0	4	2	6
8	3	34	2	4	5	1	1	1800	1	0	0	2	2	4
8	4	33	1	2	7	1	1	4800	1	0	0	2	2	8
8	3	61	2	5	6	1	4	1136	2	0	0	4	2	6
8	4	48	2	3	3	1	1	1450	1	0	0	2	2	2
8	2	63	1	2	5	1	1	984	1	0	0	2	2	4
8	3	58	1	2	5	1	6	636	4	0	0	4	2	4
8	2	46	1	4	5	1	4	4488	2	0	0	4	2	4
8	3	64	1	5	7	1	4	1230	2	0	0	4	2	8
8	5	51	1	2	4	1	1	1820	1	0	0	2	2	3
8	1	28	1	1	5	1	1	1950	1	0	0	2	2	4
8	5	33	2	2	5	1	4	80	2	0	0	4	2	4
8	4	31	1	1	6	1	1	1440	1	0	0	2	2	6
8	3	22	2	1	6	1	1	243	1	0	0	2	2	6
8	4	33	2	2	6	1	1	2100	1	0	0	2	2	6
8	3	58	1	2	5	1	1	1850	1	0	0	2	2	4
8	3	39	2	4	5	1	1	840	1	0	0	2	2	4
8	3	30	2	2	6	1	1	2280	1	0	0	2	2	6
8	3	43	2	5	5	1	6	700	4	0	0	4	2	4
8	4	42	2	2	5	1	2	1300	1	0	0	2	2	4
8	3	51	2	2	5	1	1	1212	1	0	0	2	2	4
8	4	31	2	2	7	1	1	4000	1	0	0	2	2	8
8	3	62	1	2	4	1	6	3000	4	0	0	4	2	3
8	4	41	1	2	7	1	1	4980	1	0	0	2	2	8
8	4	48	2	2	5	1	1	1500	1	0	0	2	2	4
8	2	70	1	2	3	1	2	960	1	0	0	2	2	2
8	4	46	1	2	6	3	1	2724	1	0	0	1	2	5
8	4	34	1	2	5	1	4	1684	2	0	0	4	2	4
8	5	55	1	2	6	1	4	4380	2	0	0	4	2	6
8	4	46	1	2	8	1	1	5160	1	5	3	1	2	10
8	4	44	1	2	5	1	3	2760	1	0	0	2	2	4
8	4	42	1	2	5	1	3	2892	1	0	0	2	2	4
8	3	46	1	2	5	1	4	2410	2	0	0	4	2	4
8	3	33	1	2	7	1	1	3100	1	99	10	2	2	8
8	4	32	2	1	6	1	1	2100	1	0	0	2	2	6
8	3	35	2	2	5	1	6	840	4	0	0	4	2	4
8	4	37	1	2	5	1	1	900	1	0	0	2	2	4
8	1	60	2	3	2	6	3	600	1	0	0	2	2	1
8	4	43	1	3	5	1	1	1560	1	0	0	2	2	4
8	4	49	1	2	5	1	4	2400	2	0	0	4	2	4
8	3	34	1	2	7	1	1	4100	1	0	0	1	2	8
8	2	30	1	2	7	1	1	2133	1	0	0	2	2	8
8	4	50	1	2	5	1	1	4308	1	0	0	2	2	4
8	4	39	1	2	7	4	1	3156	1	0	0	2	2	7
8	4	40	1	2	5	1	1	2320	1	0	0	2	2	4
8	2	30	2	2	5	1	1	800	1	0	0	2	2	4
8	6	41	2	2	5	1	1	3800	1	0	0	1	2	4
8	1	25	1	1	7	5	1	404	1	0	0	2	2	7
8	1	48	1	3	7	3	1	1020	1	0	0	2	2	5
8	4	28	2	1	6	1	1	1850	1	0	0	2	2	6
8	5	57	1	2	5	1	4	1260	2	0	0	4	2	4
8	4	42	2	2	4	1	3	400	1	0	0	2	2	3
8	4	42	1	2	7	1	6	3960	4	0	0	4	2	8
8	5	46	1	2	5	1	1	3000	1	0	0	2	2	4
8	4	30	1	2	7	1	1	4200	1	0	0	2	2	8
8	2	30	1	2	7	1	1	2536	1	0	0	2	2	8
8	4	50	1	2	4	1	4	1800	2	0	0	4	2	3
8	4	49	1	2	5	1	4	960	2	0	0	4	2	4
8	5	41	1	2	5	1	3	1200	1	0	0	2	2	4
8	4	55	1	2	5	1	4	2100	2	0	0	4	2	4
8	5	40	2	2	5	1	1	1040	1	0	0	2	2	4
8	3	63	1	2	3	1	4	960	2	0	0	4	2	2
8	2	28	1	2	5	1	6	1512	4	0	0	4	2	4
8	3	57	1	2	7	1	1	6100	1	0	0	1	2	8
8	4	30	1	2	6	1	1	1950	1	0	0	1	2	6
8	3	32	1	2	9	1	1	3780	1	5	5	2	2	10
8	2	64	1	2	3	1	4	1668	2	0	0	4	2	2
8	3	37	2	2	7	1	1	1920	1	0	0	2	2	8
8	3	34	1	2	5	1	1	3600	1	0	0	2	2	4
8	3	29	1	2	7	1	1	3240	1	6	5	2	2	8
8	4	43	1	2	7	1	1	15000	1	0	0	2	2	8
8	4	33	1	1	8	1	1	4000	1	0	0	1	2	10
8	3	62	2	2	6	1	1	804	1	0	0	2	2	6
8	4	44	2	4	4	1	1	972	1	0	0	2	2	3
8	3	56	2	2	5	1	6	1224	4	0	0	4	2	4
8	3	35	1	2	5	1	1	2436	1	0	0	2	2	4
8	3	48	1	2	7	1	1	3264	1	0	0	2	2	8
8	4	29	2	2	6	1	4	2800	2	0	0	4	2	6
8	2	34	2	2	7	1	4	1100	2	0	0	4	2	8
8	5	47	1	2	5	1	1	1272	1	0	0	2	2	4
8	3	39	1	2	7	4	1	4800	1	0	0	2	2	5
8	3	67	1	2	4	1	4	1210	2	0	0	4	2	3
8	4	40	1	2	7	1	4	2700	2	0	0	4	2	8
8	4	30	1	1	5	1	1	2040	1	0	0	2	2	4
8	2	71	1	2	4	3	4	780	2	0	0	4	2	3
8	4	33	2	2	6	1	1	780	1	0	0	2	2	6
8	3	57	1	2	7	1	1	2600	1	0	0	2	2	8
8	4	35	1	2	5	1	1	2400	1	0	0	1	2	4
8	4	32	2	1	5	1	1	1200	1	0	0	2	2	4
8	4	54	1	2	5	1	1	9840	1	0	0	1	2	4
8	4	43	2	2	5	1	2	960	1	0	0	2	2	4
8	4	44	1	2	5	1	4	3650	2	0	0	4	2	4
8	4	38	2	2	5	1	1	840	1	0	0	2	2	4
8	3	30	1	2	8	2	1	2796	1	0	0	1	2	10
8	1	34	1	1	8	1	1	2484	1	0	0	2	2	10
8	3	46	2	2	4	1	6	2100	4	0	0	4	2	3
8	2	46	1	2	5	1	1	3240	1	0	0	1	2	4
8	5	55	1	2	7	1	1	5500	1	3	0	2	2	8
8	3	32	1	2	7	1	1	2496	1	0	0	2	2	8
8	3	43	2	2	5	1	2	1200	1	0	0	2	2	4
8	3	32	2	1	7	1	4	1860	2	0	0	4	2	8
8	4	39	1	2	9	1	1	4260	1	0	0	1	2	10
8	3	50	2	5	5	1	1	840	1	0	0	2	2	4
8	3	62	1	2	4	1	4	1550	2	0	0	4	2	3
8	4	34	1	2	5	1	2	3200	1	0	0	2	2	4
8	4	35	2	2	5	1	1	648	1	0	0	2	2	4
8	2	38	1	2	7	1	4	3800	2	0	0	4	2	8
8	4	50	1	2	5	1	1	1750	1	0	0	2	2	4
8	4	41	1	2	5	1	3	1440	1	0	0	2	2	4
8	4	34	1	2	5	1	1	3060	1	0	0	2	2	4
8	3	25	2	1	5	1	1	80	1	0	0	2	2	4
8	3	30	1	2	7	1	1	15000	1	4	28	2	2	8
8	5	45	2	3	5	1	1	2480	1	0	0	2	2	4
8	4	51	2	2	5	1	4	2500	2	0	0	4	2	4
8	2	27	2	1	6	1	1	1210	1	0	0	2	2	6
8	4	43	2	2	5	1	1	1440	1	0	0	2	2	4
8	4	50	2	2	4	1	1	600	1	0	0	3	2	3
8	3	50	2	2	4	1	1	1200	1	0	0	2	2	3
8	4	39	2	2	5	1	1	2200	1	0	0	2	2	4
8	4	43	2	2	5	1	4	3800	2	0	0	4	2	4
8	3	35	1	2	5	1	4	2420	2	0	0	4	2	4
8	3	39	1	2	7	1	1	5000	1	0	0	2	2	8
8	4	41	1	2	7	1	1	3180	1	0	0	2	2	8
8	4	44	1	2	4	1	1	1800	1	0	0	2	2	3
8	4	50	2	2	7	1	1	3480	1	0	0	2	2	8
8	3	71	1	2	5	1	1	1200	1	0	0	2	2	4
8	4	37	2	2	5	1	1	1536	1	0	0	2	2	4
8	4	46	1	2	7	1	4	1260	2	0	0	4	2	8
8	4	44	1	2	7	1	4	2600	2	0	0	4	2	8
8	4	40	2	2	5	1	6	720	4	0	0	4	2	4
8	4	35	1	2	8	1	2	3096	1	0	0	2	2	10
8	4	38	1	2	5	1	1	2424	1	4	3	2	2	4
8	4	44	1	2	5	1	4	3700	2	0	0	4	2	4
8	4	49	1	2	8	1	1	3600	1	0	0	2	2	10
8	3	50	1	2	5	1	1	2400	1	0	0	1	2	4
8	1	38	2	1	7	1	1	2568	1	0	0	2	2	8
8	4	45	2	2	5	1	1	1620	1	0	0	2	2	4
8	2	72	1	2	5	1	1	1008	1	0	0	2	2	4
8	4	39	2	2	5	1	6	865	4	0	0	4	2	4
8	4	41	1	2	5	1	2	800	1	0	0	2	2	4
8	3	37	1	2	6	1	1	3280	1	0	0	2	2	6
8	4	51	1	2	3	1	4	3840	2	0	0	4	2	2
8	2	45	1	1	6	1	6	207	4	0	0	4	2	6
8	1	27	2	1	7	1	1	2472	1	0	0	2	2	8
8	3	33	2	2	8	1	1	2940	1	3	0	2	2	10
8	3	35	1	2	6	1	1	3036	1	0	0	2	2	6
8	1	31	1	2	7	1	1	1860	1	0	0	2	2	8
8	5	46	2	2	6	1	1	3248	1	0	0	2	2	6
8	6	37	2	1	5	1	1	1200	1	0	0	2	2	4
8	1	73	1	4	5	1	3	852	1	0	0	2	2	4
8	4	44	1	2	5	1	4	1800	2	0	0	4	2	4
8	3	35	2	1	6	1	1	2772	1	0	0	2	2	6
8	5	46	2	2	5	1	1	2500	1	0	0	2	2	4
8	4	34	1	2	5	1	1	400	1	0	0	2	2	4
8	4	53	2	2	4	1	6	900	4	0	0	4	2	3
8	1	28	1	1	5	3	1	1500	1	0	0	2	2	4
8	4	49	1	2	7	1	4	6000	2	0	0	4	2	8
8	3	33	1	2	5	1	1	3700	1	0	0	1	2	4
8	4	37	1	2	5	1	1	4368	1	0	0	1	2	4
8	4	45	2	2	5	1	1	2292	1	0	0	2	2	4
8	5	24	1	1	6	5	6	100	4	0	0	4	2	5
8	3	46	1	2	5	1	3	2880	1	0	0	2	2	4
8	6	63	2	2	3	1	2	720	1	0	0	2	2	2
8	3	35	1	2	5	1	1	1410	1	0	0	2	2	4
8	3	31	1	1	7	1	1	1320	1	0	0	2	2	8
8	3	36	1	2	7	1	2	2160	1	0	0	2	2	8
8	2	29	1	2	6	1	1	2448	1	0	0	2	2	6
8	5	25	2	1	6	1	1	1200	1	0	0	2	2	6
8	5	44	2	4	5	1	4	2120	2	0	0	4	2	4
8	4	27	1	1	6	1	1	1920	1	7	0	1	2	6
8	1	32	2	1	5	1	1	1884	1	0	0	2	2	4
8	2	56	1	4	5	1	6	900	4	0	0	4	2	4
8	4	37	1	2	5	1	1	3000	1	0	0	2	2	4
8	6	36	2	2	5	1	1	3500	1	0	0	1	2	4
8	3	40	1	1	4	1	3	1440	1	0	0	2	2	3
8	2	31	2	2	9	4	2	960	1	0	0	2	2	10
8	3	34	1	2	6	1	1	2800	1	0	0	1	2	6
8	4	44	1	2	5	1	1	1184	1	0	0	2	2	4
8	10	22	2	1	6	1	1	1200	1	0	0	2	2	6
8	5	51	1	2	5	1	4	2800	2	0	0	4	2	4
8	4	44	2	2	5	1	1	700	1	0	0	2	2	4
8	2	42	2	4	4	1	2	1200	1	0	0	2	2	3
8	3	39	1	2	5	1	1	2544	1	0	0	2	2	4
8	4	42	2	2	5	1	1	1400	1	0	0	2	2	4
8	3	33	1	2	7	3	1	4000	1	0	0	2	2	5
8	6	28	2	1	6	1	3	1368	1	0	0	2	2	6
8	4	23	1	1	6	4	2	780		0	0	4	2	5
8	3	69	1	2	7	1	1	11000	1	0	0	4	2	8
8	5	57	2	2	4	1	5	0	3	0	0	4	2	3
8	4	55	1	2	5	1	3	1440	1	0	0	2	2	4
8	4	32	1	1	7	1	1	3084	1	0	0	2	2	8
8	3	42	2	2	5	1	1	837	1	0	0	2	2	4
8	4	46	2	2	5	1	1	1212	1	0	0	1	2	4
8	4	46	1	2	6	1	1	5220	1	0	0	1	2	6
8	1	39	1	1	5	1	3	1285	1	0	0	2	2	4
8	4	36	2	2	5	1	3	700	1	0	0	2	2	4
8	3	35	1	2	6	1	4	2832	2	1	0	4	2	6
8	3	55	1	2	7	1	4	8800	2	0	0	4	2	8
8	3	31	2	1	8	1	6	3432	4	0	0	4	2	10
8	4	43	2	2	7	1	4	3120	2	0	0	4	2	8
8	6	39	1	2	4	1	1	3720	1	0	0	2	2	3
8	3	49	1	2	6	1	1	3156	1	0	0	2	2	6
8	4	36	2	2	5	1	2	1320	1	0	0	2	2	4
8	3	66	2	2	3	1	6	40	4	0	0	4	2	2
8	1	49	1	1	5	1	6	300	4	0	0	4	2	4
8	4	30	1	2	5	1	2	1800	1	0	0	2	2	4
8	5	52	1	2	4	1	4	1372	2	0	0	4	2	3
8	4	39	1	2	4	1	1	2400	1	0	0	2	2	3
8	4	45	1	2	5	1	6	3708	4	0	0	4	2	4
8	1	38	1	1	5	1	1	2472	1	0	0	2	2	4
8	2	27	2	2	6	1	1	1730	1	0	0	2	2	6
8	4	44	1	2	3	1	3	2352	1	0	0	2	2	2
8	4	65	1	2	3	1	4	2000	2	0	0	4	2	2
8	6	35	2	2	5	1	1	1356	1	0	0	2	2	4
8	5	50	2	2	4	1	1	348	1	0	0	2	2	3
8	4	38	1	2	7	1	2	552	1	0	0	2	2	8
8	3	32	1	2	7	1	1	2800	1	0	0	2	2	8
8	4	59	2	2	3	1	4	620	2	0	0	4	2	2
8	5	43	1	2	8	1	1	1440	1	0	0	2	2	10
8	4	58	1	2	4	1	4	1650	2	0	0	4	2	3
8	4	56	1	2	4	1	4	1850	2	0	0	4	2	3
8	3	33	2	2	6	1	1	1572	1	0	0	2	2	6
8	3	64	2	2	3	1	3	240	1	0	0	2	2	2
8	5	53	1	2	3	1	3	1680	1	0	0	2	2	2
8	3	35	2	2	6	1	1	1210	1	0	0	2	2	6
8	4	47	1	2	5	1	3	1500	1	0	0	2	2	4
8	4	41	1	2	7	1	4	5136	2	0	0	4	2	8
8	4	25	2	1	8	4	6	200	4	0	0	4	1	9
8	4	51	2	2	5	1	4	600	2	0	0	4	2	4
8	4	57	2	2	5	1	1	1080	1	0	0	3	2	4
8	5	51	1	2	5	1	1	2800	1	0	0	2	2	4
8	3	34	2	2	7	1	1	2436	1	0	0	2	2	8
8	4	41	2	2	5	1	2	1600	1	0	0	2	2	4
8	4	35	2	2	7	1	1	2520	1	0	0	2	2	8
8	3	52	1	2	4	1	1	864	1	0	0	2	2	3
8	3	52	1	2	4	1	1	1440	1	0	0	2	2	3
8	4	45	1	2	5	1	4	5000	2	0	0	4	2	4
8	3	28	2	2	6	1	6	1560	4	0	0	4	2	6
8	5	47	1	2	7	1	1	1860	1	0	0	2	2	8
8	4	35	2	2	8	1	4	155	2	0	0	4	2	10
8	5	40	2	2	7	1	1	2268	1	0	0	2	2	8
8	3	38	1	1	5	1	1	2370	1	0	0	2	2	4
8	4	44	1	2	5	1	4	3700	2	0	0	4	2	4
8	2	52	2	5	3	1	1	840	1	0	0	2	2	2
8	5	31	2	1	7	1	1	2208	1	0	0	1	2	8
8	5	46	2	2	5	1	4	5000	2	0	0	4	2	4
8	4	43	1	2	7	1	1	5000	1	10	20	2	2	8
8	3	47	1	2	7	1	1	5200	1	10	20	1	2	8
8	10	44	2	2	4	1	2	1200	1	0	0	2	2	3
8	4	23	2	1	7	4	6	300	4	12	24	4	2	6
8	4	26	1	1	6	1	1	2136	1	0	0	2	2	6
8	4	35	1	2	9	5	4	10000	2	0	0	4	2	10
8	4	35	1	2	9	2	2	3240	1	0	0	2	2	10
8	4	50	1	2	5	1	3	3020	1	0	0	2	2	4
8	4	47	1	2	7	1	1	4500	1	0	0	2	2	8
8	4	68	1	2	5	1	4	780	2	0	0	4	2	4
8	10	48	2	1	3	1	1	1200	1	0	0	2	2	2
8	4	44	1	2	7	1	1	3600	1	0	0	1	2	8
8	6	32	1	2	5	1	1	1824	1	0	0	1	2	4
8	2	35	2	1	7	5	1	1080	1	0	0	2	2	6
8	5	49	1	2	4	1	1	1920	1	0	0	2	2	3
8	4	41	1	2	7	1	4	3672	2	0	0	4	2	8
8	4	44	1	2	7	3	1	2544	1	0	0	2	2	6
8	4	42	2	2	5	1	1	720	1	0	0	2	2	4
8	2	29	2	2	7	5	1	3320	1	0	0	2	2	7
8	3	65	2	2	5	1	1	600	1	0	0	2	2	4
8	3	34	1	2	5	1	1	1800	1	0	0	2	2	4
8	3	30	2	2	6	1	1	960	1	0	0	2	2	6
8	4	35	2	1	6	1	1	1800	1	0	0	2	2	6
8	4	49	1	2	7	1	1	5160	1	0	0	1	2	8
8	4	53	2	2	5	1	1	1500	1	0	0	2	2	4
8	4	27	2	1	7	1	6	560	4	0	0	4	2	8
8	4	34	2	2	7	1	1	2530	1	0	0	2	2	8
8	3	39	1	2	8	1	1	7000	1	0	0	2	2	10
8	5	44	1	2	7	3	1	4000	1	0	0	2	2	6
8	4	44	2	2	5	1	1	240	1	0	0	2	2	4
8	4	46	1	2	5	1	1	6500	1	0	0	1	2	4
8	4	35	1	2	5	1	4	3200	2	0	0	4	2	4
8	2	29	2	2	7	1	1	700	1	0	0	2	2	8
8	4	47	2	2	7	3	1	1200	1	0	0	2	2	5
8	4	43	2	2	5	1	4	1000	2	0	0	4	2	4
8	4	39	1	2	7	1	1	6000	1	0	0	1	2	8
8	3	44	2	2	5	1	1	1260	1	0	0	1	2	4
8	3	26	2	1	8	4	1	1896	1	0	0	2	2	9
8	2	46	1	2	5	1	3	2600	1	0	0	2	2	4
8	1	57	1	4	5	1	6	2712	4	0	0	4	2	4
8	4	53	1	2	7	1	4	10000	2	0	0	4	2	8
8	5	42	1	2	7	4	1	4528	1	0	0	2	2	5
8	4	36	1	2	7	1	4	2800	2	0	0	4	2	8
8	6	46	1	2	7	4	4	4000	2	0	0	4	2	6
8	5	52	1	2	5	1	1	2200	1	0	0	2	2	4
8	3	44	1	2	7	1	4	7000	2	0	0	4	2	8
8	4	37	1	2	5	1	1	2524	1	0	0	2	2	4
8	5	35	1	2	8	1	1	7000	1	20	6	2	2	10
8	4	34	2	2	4	3	1	567	1	0	0	2	2	3
8	5	28	2	1	5	1	4	3780	2	0	0	4	2	4
8	5	46	2	2	4	1	1	1440	1	0	0	2	2	3
8	2	28	1	1	7	5	4	1200	2	0	0	4	2	6
8	4	37	1	2	7	1	1	2980	1	0	0	1	2	8
8	4	33	1	2	7	1	1	4668	1	0	0	2	1	8
8	6	41	1	2	7	1	1	5000	1	0	0	1	2	8
8	3	29	1	2	7	1	1	2500	1	0	0	2	2	8
8	3	34	2	1	6	1	1	1956	1	0	0	2	2	6
8	4	55	1	2	5	1	4	2450	2	0	0	4	2	4
8	2	36	1	2	7	1	1	2640	1	0	0	2	2	8
8	4	55	2	5	3	1	1	1560	1	0	0	2	2	2
8	4	29	1	1	8	3	1	612	1	0	0	2	2	9
8	2	26	2	2	7	1	1	2400	1	0	0	1	2	8
8	4	55	1	2	5	1	4	5542	2	0	0	4	2	4
8	3	44	2	2	5	1	4	1236	2	1	0	4	1	4
8	5	45	1	2	4	1	2	600	1	0	0	2	2	3
8	3	37	1	2	5	1	1	3000	1	0	0	2	2	4
8	1	34	1	1	4	1	1	1464	1	0	0	2	2	3
8	3	30	2	2	7	1	1	2796	1	0	0	1	2	8
8	4	45	1	2	5	3	1	2400	1	0	0	2	2	4
8	4	31	1	1	6	1	1	2100	1	0	0	2	2	6
8	4	44	2	2	7	1	4	480	2	0	0	4	2	8
8	1	27	2	4	5	1	1	2000	1	0	0	2	2	4
8	4	26	2	1	5	1	6	1342	4	0	0	4	2	4
8	4	36	2	2	7	1	1	6000	1	0	0	2	2	8
8	4	36	1	2	7	1	2	1134	1	0	0	2	2	8
8	10	41	1	1	4	1	1	840	1	0	0	2	2	3
8	6	49	1	2	7	1	4	6300	2	0	0	4	2	8
8	5	51	1	2	7	1	1	4272	1	0	0	2	2	8
8	3	30	1	2	6	1	1	2160	1	0	0	2	2	6
8	3	60	1	2	5	1	4	6000	2	0	0	4	2	4
8	4	22	2	1	6	1	1	2100	1	0	0	2	2	6
8	1	60	1	4	5	1	6	2160	4	0	0	4	2	4
8	6	71	1	2	5	1	4	6100	2	0	0	4	2	4
8	3	52	1	5	5	1	1	3150	1	0	0	2	2	4
8	1	54	2	5	7	1	1	700	1	0	0	2	2	8
8	3	39	1	2	4	1	3	1440	1	0	0	2	2	3
8	1	68	2	5	3	3	2	240	1	0	0	2	2	2
8	3	48	2	2	4	1	1	1584	1	0	0	2	2	3
8	4	37	1	2	8	1	1	6500	1	0	0	2	1	10
8	4	60	1	2	3	1	4	4764	2	0	0	4	2	2
8	3	32	2	1	7	1	1	2800	1	8	0	2	2	8
8	3	38	1	2	5	1	1	2976	1	0	0	2	2	4
8	2	34	1	2	7	1	1	3432	1	0	0	1	1	8
8	3	69	1	2	5	1	1	600	1	0	0	2	2	4
8	4	52	2	2	4	1	1	1080	1	0	0	2	2	3
8	5	53	1	2	7	1	4	8650	2	0	0	4	2	8
8	2	35	1	2	6	1	4	3000	2	0	0	4	2	6
8	4	42	1	2	7	1	1	6996	1	0	0	1	2	8
8	5	52	2	2	3	1	2	1200	1	0	0	2	2	2
8	6	26	2	1	7	1	1	2500	1	10	10	2	1	8
8	3	26	2	1	5	1	1	120	1	0	0	2	2	4
8	4	36	1	2	5	1	1	3000	1	0	0	2	2	4
8	5	23	2	1	5	1	1	1416	1	0	0	2	2	4
8	5	44	2	2	5	1	6	1100	4	0	0	4	2	4
8	4	22	2	1	6	1	1	350	1	0	0	2	2	6
8	5	43	2	2	5	1	4	2000	2	0	0	4	2	4
8	4	37	1	2	6	1	1	7420	1	0	0	2	2	6
8	4	48	1	2	5	1	4	6600	2	0	0	4	2	4
8	3	46	1	2	7	1	4	2800	2	0	0	4	2	8
8	3	36	1	2	5	1	4	3200	2	0	0	4	2	4
8	3	39	1	2	7	1	4	1000	2	0	0	4	2	8
8	1	33	1	1	6	1	1	2900	1	0	0	2	2	6
8	3	36	1	2	5	1	1	2544	1	0	0	2	2	4
8	4	43	1	2	9	1	1	4500	1	10	0	1	2	10
8	4	53	1	2	5	1	3	1500	1	0	0	2	2	4
8	4	22	2	1	6	1	6	1440	4	12	30	4	2	6
8	3	25	2	1	6	1	1	650	1	0	0	2	2	6
8	3	37	1	2	7	1	1	4000	1	0	0	2	2	8
8	3	31	1	2	5	1	3	2400	1	0	0	2	2	4
8	4	64	1	2	5	1	1	1200	1	0	0	2	2	4
8	6	35	1	2	5	1	1	1440	1	0	0	1	2	4
8	3	33	1	2	5	1	1	2824	1	0	0	2	2	4
8	3	26	2	1	6	1	1	1476	1	0	0	3	2	6
8	5	25	1	1	6	1	6	880	4	0	0	4	2	6
8	4	41	1	1	5	1	6	1848	4	0	0	4	2	4
8	2	27	1	1	5	1	1	996	1	0	0	2	2	4
8	4	38	1	2	7	1	1	3050	1	0	0	2	2	8
8	4	50	1	2	7	1	4	1800	2	0	0	4	2	8
8	3	48	2	2	5	1	1	960	1	0	0	2	2	4
8	5	43	2	3	5	1	1	1080	1	0	0	2	2	4
8	4	42	1	2	6	1	4	9000	2	0	0	4	2	6
8	3	63	1	2	7	1	1	960	1	0	0	2	2	8
8	6	32	1	1	5	1	1	4300	1	0	0	1	2	4
8	4	42	1	2	7	3	1	3366	1	0	0	2	2	6
8	4	43	1	2	6	3	1	1730	1	0	0	2	2	5
8	5	65	1	2	7	1	1	5250	1	0	0	1	2	8
8	5	62	1	2	9	1	1	7500	1	0	0	1	2	10
8	4	40	1	2	5	1	4	1920	2	0	0	4	2	4
8	2	63	1	2	4	1	2	840	1	0	0	2	2	3
8	3	55	1	2	5	1	3	1200	1	0	0	2	2	4
8	3	37	1	2	5	1	4	4488	2	0	0	4	2	4
8	4	32	1	2	7	1	1	2580	1	0	0	2	2	8
8	4	46	1	2	5	3	4	4944	2	0	0	4	2	4
8	2	28	1	2	7	1	1	2650	1	0	0	2	1	8
8	4	35	1	2	7	1	1	4200	1	0	0	1	2	8
8	1	29	1	1	5	3	4	2300	2	0	0	4	2	4
8	4	62	2	5	5	1	6	650	4	0	0	4	2	4
8	1	44	1	1	5	1	4	9960	2	0	0	4	2	4
8	4	39	1	2	5	1	4	4200	2	0	0	4	2	4
8	1	20	2	1	5	1	1	2000	1	2	0	1	2	4
8	4	36	2	2	5	1	2	1440	1	0	0	2	2	4
8	3	30	1	1	6	1	1	120	1	0	0	2	2	6
8	3	31	1	1	7	5	1	726	1	0	0	2	2	7
8	4	53	2	2	3	1	3	800	1	0	0	2	2	2
8	4	58	1	2	5	1	4	999999	2	0	0	4	2	4
8	6	42	1	2	5	1	2	4700	1	0	0	2	2	4
8	4	68	1	2	4	1	4	1250	2	0	0	4	2	3
8	2	49	1	4	5	1	4	600	2	0	0	4	2	4
8	3	39	1	1	7	1	4	1200	2	0	0	4	2	8
8	3	29	2	1	7	1	6	1476	4	0	0	4	2	8
8	4	51	1	2	5	1	1	1850	1	0	0	2	2	4
8	4	66	1	2	3	1	6	1040	4	0	0	4	2	2
8	4	55	1	4	4	1	4	2400	2	0	0	4	2	3
8	4	42	1	2	8	1	4	12500	2	0	0	4	2	10
8	1	31	1	1	5	3	1	2000	1	0	0	2	2	4
8	4	45	1	2	7	1	6	3600	4	0	0	4	2	8
8	3	52	1	2	5	1	4	1900	2	0	0	4	2	4
8	4	36	1	2	7	1	1	8000	1	0	0	1	2	8
8	4	38	2	2	6	1	1	3000	1	0	0	2	2	6
8	2	60	1	2	5	1	4	1440	2	0	0	4	2	4
8	4	44	1	2	9	2	4	15000	2	0	0	4	2	10
8	3	35	1	2	7	1	1	3000	1	0	0	1	2	8
8	3	39	1	2	7	1	1	3000	1	0	0	2	2	8
8	4	29	2	2	5	1	6	1800	4	0	0	4	2	4
8	1	27	1	1	6	1	1	2400	1	0	0	2	2	6
8	5	46	1	2	5	1	4	3600	2	0	0	4	2	4
8	1	33	1	1	5	1	1	3204	1	0	0	1	2	4
8	4	57	2	2	4	1	2	1176	1	0	0	2	2	3
8	2	57	2	2	5	1	6	3900	4	0	0	4	2	4
8	4	56	2	2	4	1	3	600	1	0	0	2	2	3
8	4	43	1	2	6	1	4	2220	2	0	0	4	2	6
8	3	49	2	5	3	1	3	420	1	0	0	2	2	2
8	5	47	1	2	5	1	6	600	4	0	0	4	2	4
8	3	30	2	1	5	1	1	640	1	0	0	2	2	4
8	5	48	2	2	7	1	1	4620	1	0	0	2	2	8
8	2	74	1	2	3	1	4	50	2	0	0	4	2	2
8	1	32	2	4	7	1	1	1440	1	0	0	2	2	8
8	2	51	1	2	5	1	3	300	1	0	0	2	2	4
8	3	32	2	2	6	1	1	2800	1	0	0	1	2	6
8	3	22	2	1	5	1	1	1368	1	0	0	2	2	4
8	1	32	1	1	7	1	1	4300	1	5	0	1	2	8
8	4	38	2	2	5	1	1	960	1	0	0	2	2	4
8	2	27	1	2	6	1	1	2300	1	0	0	3	2	6
8	1	41	1	4	5	1	4	1800	2	0	0	4	2	4
8	4	38	1	2	6	1	1	4520	1	0	0	2	2	6
8	4	55	1	2	5	1	1	5136	1	0	0	2	2	4
8	3	27	1	1	7	1	3	670	1	0	0	2	2	8
8	3	41	1	1	5	1	3	900	1	0	0	2	2	4
8	4	50	1	2	5	1	4	6000	2	0	0	4	2	4
8	3	35	1	2	9	2	1	3310	1	4	0	2	2	10
8	4	40	1	2	5	1	1	2400	1	0	0	2	1	4
8	4	40	1	2	5	1	2	2760	1	0	0	2	2	4
8	4	44	1	2	5	1	4	2760	2	0	0	4	2	4
8	2	39	1	1	6	1	6	1500	4	0	0	4	2	6
8	4	53	1	2	4	1	1	960	1	0	0	2	2	3
8	4	42	2	2	5	1	5	0	3	0	0	4	2	4
8	2	24	2	4	5	3	3	320	1	0	0	2	2	4
8	4	55	1	2	4	1	3	1800	1	0	0	2	2	3
8	4	38	1	2	5	1	1	4980	1	0	0	1	2	4
8	4	55	1	2	7	3	4	8652	2	0	0	4	2	6
8	4	34	1	2	6	1	1	2580	1	0	0	2	2	6
8	4	27	1	1	6	1	1	1500	1	0	0	2	2	6
8	2	42	1	1	4	1	1	3100	1	0	0	2	2	3
8	4	45	1	2	7	1	1	2500	1	0	0	2	2	8
8	4	37	1	2	4	1	4	4800	2	0	0	4	2	3
8	2	35	1	2	7	3	6	2050	4	0	0	4	2	6
8	4	58	1	2	3	1	4	1250	2	0	0	4	2	2
8	3	45	1	2	2	6	1	2472	1	0	0	1	2	1
8	5	40	2	2	5	1	1	1080	1	0	0	2	2	4
8	4	40	1	2	5	1	1	1798	1	0	0	1	2	4
8	4	41	1	2	7	1	1	5000	1	5	0	2	2	8
8	3	40	1	2	7	1	4	3120	2	0	0	4	2	8
8	4	44	1	2	8	1	1	4800	1	0	0	1	2	10
8	4	63	1	2	3	1	4	720	2	0	0	4	2	2
8	3	30	1	2	6	1	1	2500	1	0	0	2	2	6
8	4	32	2	2	8	1	1	3000	1	0	0	2	2	10
8	4	28	1	1	6	1	1	1464	1	0	0	2	2	6
8	3	42	1	3	5	1	2	1200	1	0	0	2	2	4
8	3	24	1	1	7	4	6	480	4	0	0	4	2	7
8	3	34	1	1	5	1	1	2900	1	0	0	2	2	4
8	5	45	2	2	5	1	6	1032	4	0	0	4	2	4
8	3	33	2	1	6	1	6	456	4	0	0	4	2	6
8	4	44	1	2	7	1	1	1320	1	0	0	2	2	8
8	4	44	1	2	7	1	1	3648	1	0	0	2	2	8
8	2	62	1	2	9	1	4	3050	2	0	0	4	2	10
8	3	48	1	2	7	1	1	3036	1	0	0	1	2	8
8	4	37	1	2	7	1	1	6240	1	0	0	2	2	8
8	4	29	1	2	5	1	1	3450	1	0	0	2	2	4
8	5	55	1	2	4	1	4	2070	2	0	0	4	2	3
8	4	34	1	2	7	1	1	3200	1	6	0	2	2	8
8	4	47	1	4	5	1	1	2400	1	0	0	2	2	4
8	1	55	1	4	5	1	4	3084	2	0	0	4	2	4
8	3	28	2	1	7	1	1	2550	1	3	40	1	2	8
8	3	44	2	4	5	1	4	1800	2	0	0	4	2	4
8	5	49	1	2	7	1	1	2676	1	0	0	2	2	8
8	2	38	2	2	4	1	6	1140	4	0	0	4	2	3
8	4	47	1	2	5	1	4	1248	2	0	0	4	2	4
8	4	28	1	1	7	1	1	3096	1	0	0	3	2	8
8	3	41	1	2	7	1	1	3180	1	0	0	2	2	8
8	4	33	1	2	5	1	4	3600	2	0	0	4	2	4
8	3	38	1	2	7	1	1	4500	1	0	0	2	2	8
8	1	39	1	4	6	1	1	3245	1	0	0	2	2	6
8	2	30	2	2	7	1	1	2796	1	0	0	1	2	8
8	5	63	1	2	7	3	6	700	4	0	0	4	2	5
8	4	36	1	2	6	1	1	2796	1	0	0	2	2	6
8	4	50	1	2	4	1	1	2292	1	0	0	2	2	3
8	2	33	1	2	7	1	1	2500	1	0	0	1	2	8
8	4	36	1	2	5	1	1	1211	1	0	0	2	2	4
8	3	26	1	1	7	3	1	1850	1	0	0	2	2	7
8	3	50	1	2	4	1	2	700	1	0	0	2	2	3
8	4	29	1	1	5	1	1	2244	1	0	0	2	2	4
8	4	36	1	1	6	1	1	2400	1	0	0	2	2	6
8	4	49	1	2	5	1	1	3000	1	0	0	2	2	4
8	5	44	1	2	7	1	4	4100	2	0	0	4	2	8
8	1	40	1	1	4	3	3	600	1	0	0	2	2	3
8	2	32	1	2	7	1	1	910	1	0	0	2	2	8
8	3	46	1	4	2	6	3	1200	1	0	0	3	2	1
8	3	48	1	2	5	1	1	3660	1	0	0	2	2	4
8	3	30	1	2	8	1	1	2475	1	3	0	2	2	10
8	3	30	1	2	6	1	1	2600	1	0	0	2	2	6
8	5	45	2	2	7	1	1	3600	1	0	0	2	2	8
8	3	41	2	4	5	1	6	900	4	0	0	4	2	4
8	4	43	1	2	6	1	1	2472	1	0	0	2	2	6
8	5	48	2	2	5	1	6	1950	4	0	0	4	2	4
8	4	27	1	1	7	1	1	1560	1	0	0	2	2	8
8	3	35	2	2	6	1	4	1100	2	0	0	4	2	6
8	1	33	2	1	8	1	1	3912	1	0	0	2	2	10
8	1	34	1	1	6	1	1	1872	1	0	0	2	2	6
8	4	43	2	2	5	1	1	1896	1	0	0	2	2	4
8	5	22	2	1	6	1	1	999999	1	0	0	2	2	6
8	5	52	1	2	5	1	4	3800	2	0	0	4	2	4
8	5	45	2	2	5	3	6	1080	4	0	0	4	2	4
8	3	38	1	2	9	4	2	840	1	0	0	2	2	10
8	1	45	1	4	5	1	3	1200	1	0	0	2	2	4
8	4	22	2	1	6	1	2	303	1	0	0	2	2	6
8	4	26	1	1	5	1	1	1380	1	0	0	2	2	4
8	4	40	1	2	5	1	1	2040	1	0	0	2	2	4
8	4	30	1	2	5	1	1	2530	1	0	0	1	2	4
8	6	51	2	2	5	1	1	1200	1	0	0	2	2	4
8	4	42	2	2	5	1	1	2268	1	0	0	2	2	4
8	4	40	1	2	5	1	4	4500	2	0	0	4	2	4
8	3	27	1	1	6	1	1	1824	1	0	0	1	2	6
8	5	45	1	2	5	1	4	1800	2	0	0	4	2	4
8	4	35	2	2	7	1	1	984	1	0	0	2	2	8
8	4	42	2	2	5	1	1	1300	1	0	0	2	2	4
8	4	61	2	2	3	1	1	600	1	0	0	2	2	2
8	2	71	1	2	5	1	6	752	4	0	0	4	2	4
8	4	39	2	2	4	1	4	1800	2	0	0	4	2	3
8	4	43	1	2	5	1	4	3050	2	0	0	4	2	4
8	4	48	1	2	6	1	4	2240	2	0	0	4	2	6
8	1	38	1	1	6	1	1	2916	1	0	0	2	2	6
8	3	39	2	5	5	1	1	540	1	0	0	2	2	4
8	3	43	1	4	5	1	4	992	2	0	0	4	2	4
8	3	39	2	2	5	1	1	3000	1	0	0	2	2	4
8	3	29	2	2	6	1	6	999999	4	0	0	4	2	6
8	6	41	2	2	4	1	1	1560	1	0	0	2	2	3
8	3	37	1	2	5	1	2	2640	1	0	0	2	2	4
8	3	30	2	2	6	1	6	2524	4	0	0	4	2	6
8	4	47	1	2	5	1	4	6150	2	0	0	4	2	4
8	4	42	1	2	7	1	1	6420	1	0	0	2	2	8
8	4	46	1	2	7	1	4	3700	2	0	0	4	2	8
8	3	61	2	5	5	1	4	610	2	0	0	4	2	4
8	3	53	2	2	4	1	4	60	2	0	0	4	2	3
8	3	47	2	3	3	1	6	1632	4	0	0	4	2	2
8	1	56	2	5	7	1	1	1452	1	0	0	2	2	8
8	3	63	1	2	5	1	1	1800	1	0	0	2	2	4
8	1	53	2	1	8	1	1	3480	1	0	0	1	2	10
8	3	35	1	2	7	1	1	3100	1	0	0	2	2	8
8	5	40	1	2	6	1	1	2400	1	0	0	2	2	6
8	5	40	2	2	5	1	4	2600	2	0	0	4	2	4
8	6	69	1	5	4	1	4	990	2	0	0	4	2	3
8	2	67	1	2	3	3	1	2415	1	0	0	2	2	2
8	3	59	1	2	4	1	4	1800	2	0	0	4	2	3
8	6	55	1	2	4	1	4	1230	2	0	0	4	2	3
8	3	38	1	2	7	1	1	3800	1	0	0	2	2	8
8	2	34	1	2	7	1	1	2928	1	0	0	2	2	8
8	2	27	1	1	6	1	2	1368	1	0	0	2	2	6
8	3	50	1	2	7	1	1	2100	1	0	0	2	2	8
8	3	29	1	1	5	1	1	2160	1	0	0	2	2	4
8	7	23	2	1	5	1	1	1908	1	0	0	2	2	4
8	4	43	1	2	5	1	4	840	2	0	0	4	2	4
8	5	40	1	2	7	1	1	7000	1	0	0	2	2	8
8	4	40	1	2	5	3	1	1710	1	0	0	1	2	4
8	5	51	1	2	3	1	1	2400	1	0	0	2	2	2
8	4	45	1	2	4	1	4	1800	2	0	0	4	2	3
8	3	29	1	2	5	1	4	3000	2	0	0	4	1	4
8	4	47	1	2	6	1	4	3140	2	0	0	4	2	6
8	3	47	2	5	4	1	2	840	1	0	0	2	2	3
8	3	64	2	2	4	1	4	780	2	0	0	4	2	3
8	4	63	2	5	3	3	2	600	1	0	0	2	2	2
8	4	38	1	2	7	1	1	7432	1	0	0	1	2	8
8	3	50	1	4	5	1	4	2400	2	0	0	4	2	4
8	4	41	2	2	8	1	1	4000	1	0	0	1	2	10
8	4	27	1	1	7	1	1	1920	1	0	0	2	2	8
8	3	45	1	2	5	1	1	6000	1	0	0	1	2	4
8	4	37	1	2	5	1	1	2500	1	0	0	2	2	4
8	4	41	1	2	5	1	4	4900	2	0	0	4	2	4
8	4	36	1	2	7	1	1	3800	1	0	0	1	2	8
8	4	19	2	1	4	1	6	840	4	0	0	4	2	3
8	3	24	2	1	6	4	2	420	1	0	0	2	2	5
8	3	26	1	1	6	1	1	1205	1	0	0	2	2	6
8	2	60	1	2	7	1	4	5300	2	0	0	4	2	8
8	4	39	1	2	7	1	1	4320	1	0	0	1	2	8
8	4	44	2	2	5	1	4	100	2	0	0	4	2	4
8	4	43	1	2	7	1	3	2950	1	0	0	2	2	8
8	1	55	2	4	3	1	4	2450	2	0	0	4	2	2
8	3	61	1	2	3	1	4	1534	2	0	0	4	2	2
8	3	41	1	4	6	1	1	1860	1	0	0	1	2	6
8	4	43	2	2	4	3	2	732	1	0	0	2	2	3
8	4	43	2	2	7	3	1	104	1	0	0	2	2	7
8	3	49	2	5	5	1	6	700	4	0	0	4	2	4
8	4	38	1	2	7	1	1	6096	1	0	0	2	2	8
8	3	38	1	2	7	1	4	3000	2	0	0	4	2	8
8	5	25	2	1	7	1	1	1956	1	0	0	2	2	8
8	4	39	2	2	7	1	1	4000	1	0	0	2	2	8
8	4	35	1	2	5	1	1	3300	1	0	0	2	2	4
8	4	51	1	4	5	1	4	2400	2	0	0	4	2	4
8	4	45	1	2	5	1	4	3000	2	0	0	4	2	4
8	4	50	1	2	7	1	4	12000	2	0	0	4	2	8
8	3	35	1	2	5	3	3	1680	1	0	0	2	2	4
8	3	36	1	2	7	1	1	2760	1	0	0	2	2	8
8	4	37	1	2	6	1	1	1890	1	0	0	1	2	6
8	1	29	2	1	7	4	1	1212	1	0	0	2	2	7
8	2	60	2	5	3	1	3	850	1	0	0	2	2	2
8	4	37	1	2	8	1	1	4500	1	0	0	1	2	10
8	4	65	1	2	4	3	1	1236	1	0	0	2	2	3
8	4	41	2	2	4	1	4	756	2	0	0	4	2	3
8	4	44	2	2	5	1	1	960	1	0	0	2	2	4
8	4	55	1	2	7	4	4	4000	2	0	0	4	2	5
8	3	34	1	2	7	1	1	3090	1	0	0	1	2	8
8	4	34	1	1	7	1	1	1848	1	0	0	1	2	8
8	2	46	1	4	5	1	3	840	1	0	0	2	2	4
8	2	55	1	2	4	1	4	1200	2	0	0	4	2	3
8	4	41	2	2	5	1	6	500	4	0	0	4	2	4
8	4	28	1	1	7	1	1	1272	1	0	0	1	2	8
8	4	35	1	2	5	1	1	3000	1	0	0	2	2	4
8	4	43	2	2	8	1	1	4300	1	0	0	2	2	10
8	4	30	2	2	5	1	1	2772	1	0	0	1	2	4
8	4	47	1	2	7	3	1	2100	1	0	0	3	2	6
8	6	49	1	2	7	1	1	4132	1	0	0	1	1	8
8	3	33	2	2	7	1	1	3600	1	4	5	2	2	8
8	3	60	1	2	5	1	4	1200	2	0	0	4	2	4
8	2	57	2	2	4	1	1	700	1	0	0	2	2	3
8	3	29	1	2	5	1	1	2160	1	0	0	2	2	4
8	2	26	1	2	7	1	1	2280	1	0	0	2	2	8
8	2	28	1	1	5	3	1	1460	1	0	0	2	2	4
8	2	34	2	4	5	1	1	5240	1	0	0	2	2	4
8	5	47	1	2	5	1	4	1800	2	0	0	4	2	4
8	4	39	2	2	7	1	4	840	2	0	0	4	2	8
8	4	41	1	2	7	1	4	9657	2	0	0	4	2	8
8	4	34	1	2	5	1	3	2640	1	0	0	2	2	4
8	5	54	1	2	2	6	3	1860	1	0	0	2	2	1
8	4	46	1	2	5	1	4	4800	2	0	0	4	2	4
8	1	27	2	1	7	4	1	630	1	0	0	2	2	7
8	4	45	2	2	5	1	1	1236	1	0	0	2	2	4
8	5	63	1	2	3	1	4	5150	2	0	0	4	2	2
8	2	58	1	2	4	1	4	1920	2	0	0	4	2	3
8	3	49	2	2	3	1	4	420	2	0	0	4	2	2
8	4	47	1	2	7	1	1	5500	1	0	0	1	2	8
8	4	47	2	2	7	3	1	864	1	0	0	2	2	5
8	4	43	2	2	5	1	1	1200	1	0	0	2	2	4
8	4	26	2	2	5	1	1	1536	1	0	0	2	2	4
8	3	39	1	2	5	1	4	3700	2	0	0	4	2	4
8	3	28	1	2	5	3	1	1100	1	2	30	2	2	4
8	5	46	1	2	5	1	4	4900	2	0	0	4	2	4
8	5	49	1	2	5	1	4	3740	2	0	0	4	2	4
8	4	38	1	2	7	1	1	3888	1	0	0	2	2	8
8	5	43	1	2	5	1	1	4100	1	0	0	1	2	4
8	3	48	2	5	4	1	1	1848	1	0	0	2	2	3
8	4	41	1	2	5	1	4	6060	2	0	0	4	2	4
8	4	45	2	2	6	1	4	600	2	0	0	4	2	6
8	1	31	1	1	5	1	1	1992	1	0	0	2	2	4
8	4	41	1	2	7	1	4	4200	2	0	0	4	2	8
8	1	28	2	1	7	1	1	1980	1	0	0	2	2	8
8	4	47	1	2	5	1	1	2784	1	0	0	2	2	4
8	3	33	2	4	5	1	1	1200	1	0	0	1	2	4
8	2	32	2	2	8	1	6	2180	4	0	0	4	2	10
8	5	41	1	2	7	1	1	4148	1	0	0	1	2	8
8	1	24	2	1	6	3	1	1300	1	0	0	2	2	5
8	4	46	1	2	5	1	4	1200	2	0	0	4	2	4
8	4	50	1	2	5	1	1	1848	1	0	0	2	2	4
8	3	37	1	2	7	1	1	3084	1	0	0	1	2	8
8	2	68	1	2	3	1	3	960	1	0	0	2	2	2
8	4	41	2	2	5	1	2	1820	1	0	0	2	2	4
8	3	38	1	4	7	1	2	1260	1	0	0	1	2	8
8	5	49	1	2	5	1	3	1300	1	0	0	2	2	4
8	3	20	2	1	6	4	3	320	1	0	0	2	2	5
8	5	53	1	2	8	1	1	1440	1	0	0	2	2	10
8	3	24	2	1	6	1	1	1470	1	0	0	2	2	6
8	4	48	1	2	6	1	4	3600	2	0	0	4	2	6
8	2	28	1	1	7	1	1	2200	1	0	0	2	2	8
8	4	51	1	2	8	1	1	9600	1	0	0	1	2	10
8	4	27	1	1	7	1	1	1488	1	0	0	2	2	8
8	2	67	1	2	7	3	4	960	2	0	0	4	2	5
8	1	30	1	1	7	1	1	2124	1	0	0	2	2	8
8	4	44	1	2	6	1	1	2448	1	0	0	2	2	6
8	4	50	2	2	4	1	1	1200	1	0	0	2	2	3
8	3	24	1	1	6	4	6	100	4	0	0	4	2	5
8	4	46	1	2	4	1	3	3140	1	0	0	2	2	3
8	1	65	1	5	5	1	3	500	1	0	0	2	2	4
8	1	59	2	4	3	1	4	928	2	0	0	4	2	2
8	3	35	2	2	5	1	1	1848	1	0	0	2	2	4
8	4	40	1	2	7	1	1	4680	1	0	0	2	2	8
8	3	29	2	2	8	5	6	843	4	0	0	4	2	9
8	4	53	1	2	3	1	4	1800	2	0	0	4	2	2
8	3	62	1	2	5	1	4	2496	2	0	0	4	2	4
8	4	55	2	2	5	1	1	1200	1	0	0	2	2	4
8	3	24	1	1	5	1	1	1320	1	0	0	1	2	4
8	1	40	1	4	5	3	6	1830	4	0	0	4	2	4
8	9	42	2	3	5	3	1	4900	1	0	0	2	2	4
8	1	35	1	1	4	1	4	1350	2	0	0	4	2	3
8	4	46	2	2	5	1	2	840	1	0	0	2	2	4
8	4	45	2	2	4	1	4	600	2	0	0	4	2	3
8	3	59	1	2	4	1	4	1820	2	0	0	4	2	3
8	1	31	1	1	7	1	1	2100	1	0	0	2	2	8
8	4	42	2	2	6	1	1	1848	1	0	0	2	2	6
8	4	51	1	2	5	1	4	2500	2	0	0	4	2	4
8	4	42	1	2	5	1	4	2400	2	0	0	4	2	4
8	4	40	2	2	5	1	1	1860	1	0	0	2	2	4
8	4	37	2	2	5	1	3	1000	1	0	0	2	2	4
8	3	36	1	1	5	1	6	3100	4	0	0	4	2	4
8	4	43	1	2	7	1	1	6000	1	0	0	1	2	8
8	3	36	2	2	7	1	6	640	4	0	0	4	2	8
8	4	36	2	2	8	4	1	3500	1	0	0	1	2	9
8	3	33	2	2	7	1	1	3736	1	0	0	1	2	8
8	4	36	1	2	7	1	1	3800	1	0	0	2	2	8
8	4	41	1	2	6	1	1	4000	1	0	0	2	2	6
8	4	56	1	2	5	1	4	2916	2	0	0	4	2	4
8	5	33	1	2	5	1	4	3096	2	0	0	4	2	4
8	4	53	1	2	4	3	2	1632	1	0	0	2	2	3
8	2	86	1	2	4	1	4	31	2	0	0	4	2	3
8	4	55	2	2	3	1	2	456	1	0	0	2	2	2
8	2	79	1	2	4	3	4	720	2	0	0	4	2	3
8	3	50	1	2	7	1	4	11000	2	0	0	4	2	8
8	4	44	2	2	4	1	3	1800	1	0	0	1	2	3
8	3	40	2	4	5	1	1	410	1	0	0	2	2	4
8	4	38	1	2	7	1	1	3800	1	0	0	2	2	8
8	4	25	1	1	7	5	6	1270	4	0	0	4	2	6
8	4	30	2	1	7	1	1	2544	1	0	0	2	2	8
8	4	38	1	2	7	1	1	3060	1	0	0	2	2	8
8	3	53	2	5	4	1	4	1864	2	0	0	4	2	3
8	4	42	1	2	6	1	4	6150	2	0	0	4	2	6
8	3	35	1	2	5	1	2	2436	1	0	0	1	2	4
8	1	59	1	4	3	1	3	1080	1	0	0	2	2	2
8	4	61	1	2	3	1	4	1800	2	0	0	4	2	2
8	4	30	1	1	7	1	1	1800	1	0	0	2	2	8
8	3	36	1	2	7	3	4	1872	2	0	0	4	2	6
8	5	42	1	2	5	1	4	1440	2	0	0	4	2	4
8	1	23	2	1	5	1	1	2400	1	0	0	1	1	4
8	3	34	1	2	7	1	1	2640	1	0	0	2	2	8
8	3	52	1	2	5	1	4	3000	2	0	0	4	2	4
8	3	54	1	2	5	1	4	0	2	0	0	4	2	4
8	5	51	2	2	4	1	1	960	1	0	0	2	2	3
8	3	50	1	2	4	1	4	1810	2	0	0	4	2	3
8	4	47	1	2	5	1	4	5120	2	0	0	4	2	4
8	4	26	2	1	7	1	1	2544	1	0	0	1	2	8
8	4	49	1	2	5	1	6	3000	4	0	0	4	2	4
8	5	42	1	2	8	1	1	6096	1	0	0	1	2	10
8	3	24	2	1	7	4	1	2100	1	0	0	2	2	7
8	4	42	1	2	5	1	4	3720	2	0	0	4	2	4
8	4	54	1	2	8	1	1	4800	1	0	0	2	2	10
8	2	28	2	2	6	1	1	2300	1	0	0	2	2	6
8	4	27	1	1	7	1	1	310	1	0	0	1	2	8
8	1	39	1	1	5	1	1	1800	1	0	0	2	2	4
8	4	45	2	2	4	1	1	1020	1	0	0	1	2	3
8	1	51	2	4	4	1	1	1212	1	0	0	2	2	3
8	3	37	1	2	6	1	1	4800	1	0	0	2	2	6
8	3	37	2	2	8	1	1	4020	1	0	0	1	2	10
8	4	46	1	2	7	1	4	1800	2	0	0	4	2	8
8	4	27	1	1	6	5	2	840	1	0	0	2	2	5
8	2	37	1	1	5	1	1	2736	1	0	0	2	2	4
8	4	55	1	2	5	1	4	2500	2	0	0	4	2	4
8	1	36	1	1	6	1	4	3150	2	0	0	4	2	6
8	3	46	2	2	4	1	1	1900	1	0	0	2	2	3
8	3	34	1	2	7	3	1	2500	1	0	0	2	2	6
8	3	38	1	1	4	1	3	2040	1	0	0	2	2	3
8	3	64	1	2	4	1	4	1600	2	0	0	4	2	3
8	4	38	2	2	5	1	1	1320	1	0	0	2	2	4
8	3	56	1	2	5	1	4	3000	2	0	0	4	2	4
8	4	48	1	2	6	1	4	2000	2	0	0	4	2	6
8	4	48	2	2	5	1	2	1020	1	0	0	2	2	4
8	6	74	1	5	3	3	1	1080	1	0	0	2	2	2
8	4	43	1	2	8	1	6	1250	4	0	0	4	2	10
8	4	37	2	2	5	1	1	1728	1	0	0	2	2	4
8	5	21	2	1	5	1	1	900	1	0	0	2	2	4
8	4	46	1	2	5	1	1	4800	1	0	0	1	2	4
8	4	48	2	2	5	1	2	1440	1	0	0	2	2	4
8	4	28	2	1	6	1	1	2160	1	0	0	1	2	6
8	1	31	1	1	8	1	1	3840	1	3	0	2	2	10
8	4	44	2	2	5	1	1	1210	1	0	0	2	2	4
8	4	23	1	1	7	5	1	780	1	0	0	3	2	6
8	4	50	2	2	4	1	3	1440	1	0	0	2	2	3
8	5	41	2	2	5	1	6	880	4	0	0	4	2	4
8	3	34	1	1	7	1	1	1900	1	0	0	2	2	8
8	1	34	1	1	7	1	1	2400	1	0	0	2	2	8
8	4	39	1	2	6	1	1	2240	1	0	0	2	2	6
8	4	59	1	2	5	1	1	5220	1	0	0	2	2	4
8	4	49	1	2	5	1	1	6300	1	0	0	1	2	4
