2	3	51	1	2	7	3	4	4880	2	0	0	4	2	5
2	1	49	1	4	4	1	1	840	1	0	0	2	2	3
2	5	53	1	2	4	1	1	3060	1	0	0	1	2	3
2	4	33	1	2	8	1	1	1560	1	0	0	2	2	10
2	4	52	1	2	4	1	1	1680	1	0	0	2	1	3
2	3	26	2	1	6	1	1	1236	1	0	0	2	2	6
2	3	28	1	2	6	1	1	2400	1	0	0	2	2	6
2	4	25	2	1	7	1	1	1560	1	0	0	2	2	8
2	1	33	1	1	5	1	1	1464	1	0	0	2	2	4
2	4	44	2	2	5	1	2	800	1	0	0	2	2	4
2	4	38	1	2	7	1	1	2400	1	0	0	2	2	8
2	4	46	1	2	8	3	1	4000	1	0	0	2	2	9
2	2	39	1	1	6	1	1	2400	1	0	0	2	2	6
2	3	52	1	2	4	1	3	1280	1	0	0	2	2	3
2	3	31	2	2	7	1	1	2520	1	0	0	1	2	8
2	4	36	1	2	9	2	1	5000	1	0	0	1	2	10
2	3	43	2	2	3	1	2	960	1	0	0	2	2	2
2	6	57	1	2	5	1	6	1824	4	0	0	4	2	4
2	4	43	1	2	5	1	1	1860	1	0	0	1	2	4
2	4	27	1	2	5	1	1	532	1	0	0	1	2	4
2	5	50	1	2	5	1	1	5664	1	0	0	1	2	4
2	4	50	2	2	4	1	2	3960	1	0	0	2	2	3
2	4	25	2	1	7	1	1	1000	1	4	13	2	2	8
2	3	60	1	2	4	1	1	3120	1	0	0	2	2	3
2	4	41	2	2	7	1	1	3732	1	5	0	2	2	8
2	7	55	1	2	4	1	4	1560	2	0	0	4	2	3
2	3	45	1	2	5	1	4	1800	2	0	0	4	2	4
2	1	65	2	5	3	1	4	480	2	0	0	4	2	2
2	2	37	1	1	5	1	1	2364	1	0	0	2	2	4
2	2	34	2	2	5	1	6	1020	4	0	0	4	2	4
2	4	68	1	2	7	1	2	288	1	0	0	1	2	8
2	5	62	1	2	4	3	6	1160	4	0	0	4	2	3
2	5	20	2	1	7	4	2	151	1	0	0	2	2	6
2	1	71	1	5	9	1	1	560		0	0	4	2	10
2	5	39	1	2	5	1	1	2184	1	0	0	2	2	4
2	3	26	1	1	6	1	1	900	1	0	0	2	2	6
2	4	43	1	2	5	1	3	2892	1	0	0	2	2	4
2	2	57	1	2	8	1	1	5700	1	0	0	1	2	10
2	4	39	1	2	5	1	1	1470	1	0	0	2	2	4
2	3	22	2	1	6	1	1	286	1	0	0	2	2	6
2	7	44	1	2	4	3	4	3100	2	0	0	4	2	3
2	4	39	2	2	6	1	1	4920	1	0	0	1	2	6
2	2	75	1	2	5	1	4	1200	2	0	0	4	2	4
2	3	20	2	1	5	1	1	960	1	0	0	2	2	4
2	4	43	1	2	7	1	1	5500	1	0	0	1	2	8
2	4	31	1	1	7	1	1	2820	1	0	0	2	2	8
2	1	62	2	5	3	1	1	1080	1	0	0	2	2	2
2	4	32	2	2	5	1	1	3360	1	0	0	1	2	4
2	4	51	1	2	7	1	1	2400	1	0	0	2	2	8
2	3	24	1	1	7	4	2	450	1	0	0	2	2	6
2	4	34	1	2	7	1	4	5200	2	0	0	4	2	8
2	3	28	2	1	5	1	1	1000	1	0	0	2	2	4
2	1	72	2	5	3	3	4	60	2	0	0	4	2	2
2	4	47	2	2	5	1	1	840	1	0	0	2	2	4
2	5	35	1	1	6	1	1	1200	1	0	0	2	2	6
2	4	43	1	2	7	1	4	3600	2	0	0	4	2	8
2	4	51	1	2	4	1	4	1250	2	0	0	4	2	3
2	3	25	1	1	7	4	6	316	4	5	10	4	2	6
2	5	30	2	1	5	1	1	1680	1	0	0	2	2	4
2	3	22	2	1	6	1	1	900	1	0	0	2	2	6
2	2	58	1	2	4	1	4	876	2	0	0	4	2	3
2	5	60	1	2	4	1	4	3750	2	0	0	4	2	3
2	3	27	2	1	7	1	6	1200	4	0	0	4	2	8
2	5	35	1	1	6	3	1	666	1	0	0	1	2	5
2	3	46	1	4	5	1	1	876	1	0	0	1	2	4
2	2	44	2	5	5	1	2	2388	1	0	0	1	2	4
2	4	44	1	2	5	1	4	13000	2	0	0	4	2	4
2	1	75	2	5	3	1	2	720	1	0	0	2	2	2
2	4	43	1	2	7	1	3	2400	1	0	0	2	2	8
2	5	45	2	2	4	1	1	820	1	0	0	2	2	3
2	3	52	1	4	5	1	3	3600	1	0	0	2	2	4
2	5	48	2	2	5	1	1	1860	1	0	0	2	2	4
2	1	55	1	1	4	1	4	720	2	0	0	4	2	3
2	5	46	1	2	5	1	1	2496	1	0	0	1	2	4
2	1	39	2	4	5	1	1	1620	1	0	0	2	2	4
2	4	28	2	1	6	1	1	1716	1	0	0	1	2	6
2	4	26	1	1	7	3	1	1776	1	0	0	2	2	6
2	2	40	2	2	7	1	1	3720	1	0	0	1	2	8
2	4	39	2	1	7	1	1	2388	1	0	0	2	1	8
2	5	53	2	2	3	1	1	780	1	0	0	2	2	2
2	5	24	2	1	7	1	6	1166	4	7	15	4	2	8
2	4	28	1	1	7	1	1	1872	1	0	0	2	2	8
2	1	24	1	1	5	3	6	480	4	0	0	4	2	4
2	1	52	2	4	5	3	4	1200	2	0	0	4	2	4
2	6	54	2	2	5	1	2	60	1	0	0	2	2	4
2	4	24	2	1	6	3	1	1680	1	0	0	2	2	5
2	2	50	2	5	4	1	1	2040	1	0	0	2	2	3
2	2	44	1	1	5	1	3	504	1	0	0	2	2	4
2	5	38	1	2	7	1	1	5640	1	0	0	2	2	8
2	4	56	1	2	7	1	1	5340	1	0	0	1	2	8
2	4	59	1	2	3	1	4	2400	2	0	0	4	2	2
2	5	22	2	1	7	4	6	651	4	0	0	4	2	7
2	4	27	2	1	7	1	1	1536	1	0	0	2	2	8
2	3	66	1	2	5	1	4	6150	2	0	0	4	2	4
2	5	59	1	2	4	1	3	1800	1	0	0	3	2	3
2	4	52	2	2	3	1	2	420	1	0	0	2	2	2
2	2	74	1	2	5	1	4	1200	2	0	0	4	2	4
2	3	48	2	5	4	1	4	1200	2	0	0	4	2	3
2	5	50	1	2	6	1	1	3120	1	0	0	2	2	6
2	5	24	1	1	7	4	6	63	4	0	0	4	2	7
2	3	42	1	2	5	1	4	2250	2	0	0	4	2	4
2	1	73	2	5	2	6	3	720	1	0	0	2	2	1
2	3	43	1	2	4	1	3	2688	1	0	0	2	2	3
2	4	43	2	2	5	1	1	1212	1	0	0	2	2	4
2	3	54	2	5	7	1	4	3800	2	0	0	4	2	8
2	4	48	1	2	7	4	4	192	2	0	0	4	2	6
2	4	60	1	2	5	1	4	500	2	0	0	4	2	4
2	4	29	1	1	7	1	1	2472	1	0	0	2	2	8
2	4	37	1	2	5	1	1	3060	1	0	0	2	2	4
2	2	32	1	2	7	1	1	7560	1	0	0	2	2	8
2	1	33	2	3	6	1	4	1440	2	0	0	4	2	6
2	4	47	2	2	4	1	6	145	4	0	0	4	2	3
2	1	59	1	4	4	1	3	864	1	0	0	2	2	3
2	3	47	2	2	4	1	3	1440	1	0	0	2	2	3
2	4	35	1	2	5	1	1	1440	1	0	0	2	2	4
2	3	60	1	2	5	1	6	3252	4	0	0	4	2	4
2	4	42	1	2	5	1	3	1200	1	0	0	2	2	4
2	4	43	2	2	5	1	6	730	4	0	0	4	2	4
2	5	28	2	1	6	1	2	1260	1	0	0	2	2	6
2	4	23	2	1	5	1	1	720	1	0	0	2	2	4
2	2	30	1	2	7	1	1	2520	1	0	0	2	2	8
2	5	23	1	1	5	1	1	996	1	0	0	2	2	4
2	4	39	1	2	7	1	4	2450	2	0	0	4	2	8
2	5	33	2	1	6	1	1	972	1	0	0	2	2	6
2	3	47	2	3	7	3	1	960	1	0	0	2	2	6
2	4	20	1	1	7	4	2	12	1	0	0	2	2	5
2	3	70	1	2	8	1	1	3284	1	0	0	2	2	10
2	1	57	1	3	3	1	3	480	1	0	0	2	2	2
2	4	25	2	1	7	1	1	1896	1	3	5	2	2	8
2	5	26	2	1	5	1	1	876	1	0	0	2	2	4
2	4	40	1	2	4	1	6	2400	4	0	0	4	2	3
2	4	52	2	2	5	1	6	528	4	0	0	4	2	4
2	3	52	1	2	5	1	4	1820	2	0	0	4	2	4
2	4	48	1	2	4	1	1	2064	1	0	0	2	2	3
2	3	43	1	2	5	1	1	8000	1	0	0	2	2	4
2	4	33	2	2	7	1	1	2400	1	0	0	1	2	8
2	4	49	2	2	5	1	4	620	2	0	0	4	2	4
2	1	76	1	4	3	1	6	135	4	0	0	4	2	2
2	4	44	1	2	7	1	4	5000	2	0	0	4	2	8
2	3	35	1	2	5	1	1	2880	1	0	0	2	2	4
2	3	26	1	1	6	1	1	723	1	0	0	2	2	6
2	4	55	1	2	5	1	1	4680	1	0	0	2	2	4
2	4	41	1	2	7	1	1	2880	1	0	0	1	2	8
2	4	47	1	2	5	1	1	1860	1	0	0	2	2	4
2	1	59	2	5	3	3	4	960	2	0	0	4	2	2
2	3	47	2	5	5	1	4	2400	2	0	0	4	2	4
2	4	38	1	2	5	1	1	2040	1	0	0	2	2	4
2	3	25	1	1	7	4	6	710	4	2	10	4	2	7
2	3	36	2	1	7	1	1	2640	1	0	0	2	2	8
2	4	59	1	2	5	1	1	1920	1	0	0	2	2	4
2	2	32	1	2	7	1	1	2844	1	6	9	2	2	8
2	2	37	2	2	5	1	5	0	3	0	0	4	2	4
2	4	52	1	2	5	1	1	3600	1	0	0	2	2	4
2	1	39	1	1	5	1	1	2400	1	0	0	2	2	4
2	5	31	2	2	6	1	2	550	1	0	0	2	2	6
2	3	50	2	2	5	1	4	1200	2	0	0	4	2	4
2	2	63	2	5	3	1	4	3680	2	0	0	4	2	2
2	3	26	2	1	7	1	1	1224	1	0	0	2	1	8
2	3	68	1	2	5	1	1	1860	1	0	0	2	2	4
2	1	43	2	4	5	1	1	1800	1	0	0	2	2	4
2	4	49	1	2	5	1	4	3750	2	0	0	4	2	4
2	2	35	1	2	7	1	4	300	2	0	0	4	2	8
2	4	34	2	2	5	1	1	1260	1	0	0	2	2	4
2	3	35	1	4	4	3	3	1800	1	0	0	2	2	3
2	2	28	1	1	5	1	1	2040	1	0	0	2	2	4
2	4	45	1	2	4	1	3	2160	1	0	0	2	2	3
2	3	54	2	2	4	1	6	1050	4	0	0	4	2	3
2	4	42	1	2	5	1	4	3000	2	0	0	4	2	4
2	3	29	1	1	7	1	1	4000	1	5	0	2	2	8
2	4	31	1	2	5	1	1	1920	1	0	0	2	2	4
2	1	56	2	5	3	1	3	420	1	0	0	2	2	2
2	3	62	1	2	5	1	2	308	1	0	0	2	2	4
2	4	36	1	2	4	1	1	2160	1	0	0	2	2	3
2	4	49	1	2	5	1	6	1312	4	0	0	4	2	4
2	5	40	2	2	7	3	4	900	2	0	0	4	1	6
2	3	59	1	2	3	1	4	240	2	0	0	4	2	2
2	1	51	1	4	3	1	1	2750	1	0	0	2	2	2
2	5	45	2	4	5	1	1	1560	1	0	0	2	2	4
2	1	20	2	1	5	1	1	1200	1	0	0	2	2	4
2	3	48	2	2	4	1	2	960	1	0	0	2	2	3
2	3	40	2	4	7	1	4	1250	2	0	0	4	2	8
2	4	35	1	2	7	1	1	2484	1	0	0	2	2	8
2	2	35	1	2	6	1	1	4680	1	0	0	2	2	6
2	3	34	1	1	5	1	1	1560	1	0	0	2	2	4
2	4	29	1	1	8	1	1	3360	1	0	0	1	2	10
2	4	47	1	2	5	1	4	12300	2	0	0	4	2	4
2	4	41	2	2	5	1	1	1200	1	0	0	2	2	4
2	3	23	2	1	7	4	6	250	4	2	0	4	2	7
2	4	39	2	2	7	5	4	2450	2	0	0	4	2	6
2	3	39	2	2	5	1	6	400	4	0	0	4	2	4
2	4	56	1	2	4	1	4	750	2	0	0	4	2	3
2	1	51	1	3	5	1	2	2436	1	0	0	2	2	4
2	3	50	2	2	4	1	3	336	1	0	0	2	2	3
2	4	68	1	2	5	1	1	1080	1	0	0	2	2	4
2	5	26	1	1	7	1	1	3720	1	0	0	1	2	8
2	1	35	2	1	5	1	6	150	4	0	0	4	2	4
2	6	49	1	3	5	1	1	2544	1	0	0	2	2	4
2	4	38	2	2	7	1	1	720	1	0	0	2	2	8
2	4	55	1	2	4	1	3	600	1	0	0	2	2	3
2	4	44	1	2	7	1	1	5100	1	0	0	1	2	8
2	4	24	1	1	5	1	1	1836	1	0	0	2	2	4
2	5	23	2	1	6	3	1	840	1	0	0	2	2	5
2	4	43	1	2	7	1	4	3100	2	0	0	4	2	8
2	3	46	2	5	4	3	1	960	1	0	0	2	2	3
2	4	33	1	2	6	1	1	2460	1	0	0	2	2	6
2	3	59	2	2	4	1	1	600	1	0	0	2	2	3
2	4	56	1	2	5	1	1	6360	1	0	0	2	2	4
2	5	24	2	1	7	1	1	1080	1	0	0	2	2	8
2	3	37	1	1	4	1	6	1200	4	0	0	4	2	3
2	5	56	2	2	4	1	6	576	4	0	0	4	2	3
2	1	31	1	4	6	1	1	1356	1	0	0	2	2	6
2	5	52	1	2	5	1	4	4900	2	0	0	4	2	4
2	3	25	2	2	5	1	1	1760	1	0	0	2	2	4
2	1	27	2	1	7	1	4	6600	2	0	0	4	2	8
2	4	29	1	1	7	1	1	3804	1	0	0	2	2	8
2	1	26	2	1	5	1	1	1860	1	0	0	1	2	4
2	6	28	2	1	7	1	1	1800	1	0	0	2	2	8
2	3	35	2	2	3	1	2	735	1	0	0	2	2	2
2	4	44	2	2	5	1	4	2400	2	0	0	4	2	4
2	5	58	1	2	5	1	4	2440	2	0	0	4	2	4
2	4	41	2	2	5	1	2	480	1	0	0	2	2	4
2	4	45	2	4	4	1	4	1800	2	0	0	4	2	3
2	5	45	1	2	7	1	1	9840	1	0	0	1	2	8
2	7	46	2	2	3	1	6	1100	4	0	0	4	2	2
2	4	48	2	3	3	1	1	1356	1	0	0	2	2	2
2	2	36	1	1	7	1	1	2460	1	0	0	2	2	8
2	3	30	1	1	6	1	3	1200	1	0	0	2	2	6
2	1	48	1	1	5	1	1	1800	1	0	0	2	2	4
2	3	50	2	2	4	1	1	1440	1	0	0	2	2	3
2	4	48	1	2	3	1	1	3000	1	0	0	2	2	2
2	1	33	1	1	5	1	1	2520	1	0	0	2	2	4
2	3	26	2	1	7	1	1	1464	1	0	0	2	2	8
2	2	37	1	2	6	1	1	1464	1	0	0	2	2	6
2	3	40	2	4	5	1	2	1170	1	0	0	2	2	4
2	4	59	2	2	5	1	4	2520	2	0	0	4	2	4
2	4	24	1	1	6	4	1	960	1	0	0	2	2	5
2	4	27	1	1	7	4	6	188	4	0	0	4	2	6
2	4	35	1	2	7	1	1	2856	1	0	0	2	2	8
2	5	43	2	2	4	1	3	1080	1	0	0	2	2	3
2	6	54	2	2	3	1	6	360	4	0	0	4	2	2
2	2	29	1	2	7	1	4	2070	2	0	0	4	2	8
2	3	45	2	2	4	1	1	400	1	0	0	2	2	3
2	3	47	1	2	4	1	3	720	1	0	0	2	2	3
2	3	28	2	2	6	1	1	1548	1	0	0	1	2	6
2	3	38	2	2	5	1	1	960	1	0	0	2	2	4
2	4	55	1	2	7	1	4	5300	2	0	0	4	2	8
2	4	35	1	2	4	1	1	1440	1	0	0	2	2	3
2	3	48	1	2	3	1	2	2160	1	0	0	2	2	2
2	2	64	1	2	4	1	4	1200	2	0	0	4	2	3
2	3	31	1	1	8	1	1	4620	1	0	0	1	2	10
2	4	36	1	2	6	1	1	2160	1	0	0	2	2	6
2	6	27	2	1	7	1	1	1860	1	0	0	1	2	8
2	5	26	2	1	6	1	4	2400	2	0	0	4	2	6
2	4	44	1	2	7	1	4	6200	2	0	0	4	2	8
2	4	29	1	2	6	1	1	3200	1	0	0	2	2	6
2	3	42	2	5	5	1	4	1850	2	0	0	4	2	4
2	3	74	1	2	3	1	3	672	1	0	0	2	2	2
2	3	53	1	2	4	1	3	1000	1	0	0	2	2	3
2	5	54	1	2	5	1	4	6200	2	0	0	4	2	4
2	3	44	1	3	4	1	1	1040	1	0	0	2	2	3
2	3	33	2	2	6	1	1	1296	1	0	0	2	2	6
2	4	53	1	2	4	1	4	1200	2	0	0	4	2	3
2	2	61	2	2	7	1	6	3144	4	0	0	4	2	8
2	6	31	2	1	6	1	4	1200	2	0	0	4	2	6
2	3	49	2	2	5	1	6	1920	4	0	0	4	2	4
2	3	44	1	4	5	1	1	3780	1	0	0	2	2	4
2	4	48	2	2	4	1	2	1680	1	0	0	2	2	3
2	4	55	1	2	5	1	4	4860	2	0	0	4	2	4
2	4	40	1	3	5	1	1	1320	1	0	0	2	2	4
2	4	24	1	1	5	1	3	960	1	0	0	2	2	4
2	4	36	1	1	5	1	4	2450	2	0	0	4	2	4
2	1	28	2	1	7	1	1	3000	1	15	0	1	2	8
2	4	21	2	1	7	4	6	420	4	0	0	4	2	6
2	3	46	2	2	5	1	1	1608	1	0	0	2	2	4
2	5	24	2	1	6	1	6	378	4	0	0	4	2	6
2	4	28	2	1	7	1	1	1200	1	0	0	2	2	8
2	1	39	1	1	7	1	6	1584	4	0	0	4	2	8
2	4	40	2	2	5	1	6	1740	4	0	0	4	2	4
2	2	36	1	2	5	1	4	810	2	0	0	4	1	4
2	3	25	1	1	6	1	1	1680	1	0	0	2	2	6
2	3	52	1	2	4	1	3	480	1	0	0	2	2	3
2	5	55	1	2	3	1	4	1800	2	0	0	4	2	2
2	4	59	2	2	5	1	4	1812	2	0	0	4	2	4
2	4	59	2	2	4	1	6	517	4	0	0	4	2	3
2	6	39	1	2	6	3	4	3700	2	0	0	4	2	5
2	3	65	1	2	7	1	4	3200	2	0	0	4	2	8
2	3	52	2	2	4	1	2	1800	1	0	0	2	2	3
2	1	67	1	5	3	1	4	1080	2	0	0	4	2	2
2	3	29	1	1	5	1	4	1500	2	0	0	4	2	4
2	2	60	1	2	7	1	4	5000	2	0	0	4	2	8
2	4	40	1	2	5	1	4	3600	2	0	0	4	2	4
2	4	24	1	1	7	4	2	30	1	0	0	2	2	6
2	1	53	1	4	5	1	1	2880	1	0	0	2	2	4
2	3	41	1	1	4	3	4	630	2	0	0	4	2	3
2	4	48	2	2	4	1	4	864	2	0	0	4	2	3
2	2	30	2	4	5	1	1	960	1	0	0	2	2	4
2	5	22	2	1	6	4	6	852	4	0	0	4	2	5
2	4	29	2	1	7	1	1	1644	1	0	0	2	2	8
2	4	58	1	2	4	1	1	1872	1	0	0	2	2	3
2	4	40	1	2	5	1	4	3100	2	0	0	4	2	4
2	4	30	1	2	4	1	3	1200	1	0	0	2	2	3
2	3	37	2	2	4	1	1	2100	1	0	0	2	2	3
2	3	24	1	1	7	4	6	200	4	0	0	4	2	7
2	3	29	2	1	6	1	1	1656	1	0	0	2	2	6
2	3	66	1	2	7	1	1	996	1	0	0	2	2	8
2	3	49	2	2	4	1	4	4850	2	0	0	4	2	3
2	4	43	2	2	7	1	4	13000	2	0	0	4	2	8
2	4	27	1	1	7	1	1	4560	1	2	2	2	2	8
2	5	47	1	2	5	1	4	3800	2	0	0	4	2	4
2	4	41	1	2	7	1	4	6250	2	0	0	4	2	8
2	2	44	1	2	5	1	1	2700	1	0	0	1	2	4
2	4	56	1	2	5	1	1	3696	1	0	0	2	2	4
2	5	53	1	2	4	1	4	2400	2	0	0	4	2	3
2	3	55	1	2	5	1	4	6200	2	0	0	4	2	4
2	5	48	2	2	4	1	4	12700	2	0	0	4	2	3
2	1	59	1	4	4	1	4	650	2	0	0	4	2	3
2	4	47	2	2	4	1	2	960	1	0	0	2	2	3
2	2	28	2	2	6	1	1	3456	1	0	0	2	2	6
2	3	57	1	2	5	1	4	2550	2	0	0	4	2	4
2	3	51	2	2	4	1	4	1230	2	0	0	4	2	3
2	4	35	2	2	5	1	6	45	4	0	0	4	2	4
2	3	45	2	2	5	1	3	1080	1	0	0	2	2	4
2	1	54	1	4	4	1	4	1260	2	0	0	4	2	3
2	1	58	2	5	4	1	4	1230	2	0	0	4	2	3
2	5	45	2	2	5	1	2	1860	1	0	0	1	2	4
2	5	47	1	2	5	1	1	4200	1	0	0	2	2	4
2	2	48	2	3	4	1	1	960	1	0	0	2	2	3
2	3	64	1	2	4	1	4	1250	2	0	0	4	2	3
2	3	35	1	2	4	1	3	1080	1	0	0	2	2	3
2	1	71	2	5	2	6	1	360	1	0	0	2	2	1
2	4	38	1	2	5	1	1	3640	1	0	0	2	2	4
2	5	41	1	2	5	1	4	2150	2	0	0	4	1	4
2	5	51	1	2	5	1	1	1200	1	0	0	2	2	4
2	3	57	2	2	3	1	3	600	1	0	0	1	2	2
2	3	24	2	1	5	1	6	800	4	0	0	4	2	4
2	4	53	1	2	3	1	1	1800	1	0	0	2	2	2
2	3	24	1	1	5	1	3	1215	1	0	0	2	2	4
2	3	36	1	2	7	1	1	4080	1	0	0	1	2	8
2	5	54	2	2	6	1	4	1800	2	0	0	4	2	6
2	5	25	1	1	6	3	1	1200	1	0	0	2	2	5
2	7	46	1	2	4	1	1	2400	1	0	0	2	2	3
2	5	50	1	2	7	3	1	5900	1	0	0	1	2	5
2	5	23	2	1	7	1	6	500	4	0	0	4	2	8
2	2	65	1	2	7	3	4	2400	2	0	0	4	2	5
2	4	52	1	2	5	1	3	2000	1	0	0	2	2	4
2	1	67	2	4	3	1	4	480	2	0	0	4	2	2
2	2	27	2	2	7	1	1	2904	1	5	8	1	2	8
2	4	50	2	2	4	1	3	90	1	0	0	2	2	3
2	5	49	2	2	5	1	4	412	2	0	0	4	2	4
2	4	47	2	2	3	1	1	1080	1	0	0	2	2	2
2	1	25	1	1	5	1	1	1200	1	0	0	3	2	4
2	3	55	1	2	3	1	3	1200	1	0	0	2	2	2
2	3	24	2	1	7	1	2	1104	1	0	0	3	2	8
2	3	25	2	1	7	1	1	2280	1	99	999999	1	2	8
2	4	53	1	2	4	1	4	2450	2	0	0	4	2	3
2	3	50	1	2	4	1	1	3000	1	0	0	1	2	3
2	4	31	2	1	7	1	1	2184	1	0	0	2	2	8
2	2	65	1	5	5	1	6	700	4	0	0	4	2	4
2	3	54	2	2	3	1	4	3000	2	0	0	4	2	2
2	4	36	2	2	5	1	6	1440	4	0	0	4	2	4
2	3	55	1	2	4	1	1	3180	1	0	0	1	2	3
2	2	28	2	1	8	4	2	1260	1	0	0	2	2	9
2	5	59	1	2	4	1	1	1920	1	0	0	1	2	3
2	3	35	2	2	5	1	1	2520	1	0	0	2	2	4
2	3	29	1	1	5	1	2	1540	1	0	0	2	2	4
2	1	65	1	4	3	1	3	1800	1	0	0	2	2	2
2	2	52	1	2	5	1	3	2352	1	0	0	1	2	4
2	3	51	2	2	5	1	3	600	1	0	0	2	2	4
2	5	37	2	2	5	1	6	1056	4	0	0	4	2	4
2	3	50	2	2	4	1	6	960	4	0	0	4	2	3
2	3	73	2	2	2	6	4	336	2	0	0	4	2	1
2	2	53	1	2	5	1	1	2520	1	0	0	1	2	4
2	3	54	1	2	5	1	1	2448	1	0	0	2	2	4
2	4	57	1	2	7	1	1	3204	1	0	0	2	2	8
2	4	35	1	1	6	1	6	640	4	0	0	4	2	6
2	4	27	2	2	6	1	1	1850	1	0	0	2	2	6
2	3	54	1	2	5	1	4	12300	2	0	0	4	2	4
2	4	26	1	1	6	1	6	1944	4	0	0	4	2	6
2	4	49	1	2	4	1	1	1884	1	0	0	2	2	3
2	4	57	1	2	5	1	1	4080	1	0	0	2	2	4
2	5	45	1	2	5	1	3	2400	1	0	0	2	2	4
2	4	36	1	2	5	1	1	2160	1	0	0	2	2	4
2	5	33	1	2	6	1	4	5544	2	0	0	4	2	6
2	5	62	1	5	4	1	1	932	1	0	0	2	2	3
2	4	27	1	1	6	1	1	1632	1	0	0	2	2	6
2	4	38	1	2	5	1	4	3000	2	0	0	4	2	4
2	7	22	2	1	7	4	3	360	1	0	0	3	2	7
2	4	60	1	2	4	1	4	960	2	0	0	4	2	3
2	5	25	2	1	8	4	2	480	1	6	0	2	2	9
2	3	28	1	1	7	1	2	904	1	0	0	2	2	8
2	2	60	2	2	5	1	2	10000	1	0	0	2	2	4
2	4	55	2	2	5	1	6	960	4	0	0	4	2	4
2	5	48	2	2	5	1	3	840	1	0	0	2	2	4
2	3	32	1	2	7	1	1	2400	1	0	0	2	2	8
2	4	48	1	2	5	1	1	3120	1	0	0	2	2	4
2	4	28	2	1	7	1	4	1200	2	0	0	4	2	8
2	7	28	2	1	6	1	1	1920	1	0	0	2	2	6
2	3	35	1	2	5	1	1	1944	1	0	0	2	2	4
2	4	40	1	2	5	1	1	2400	1	0	0	2	2	4
2	3	31	1	2	7	1	1	2844	1	0	0	2	2	8
2	3	49	1	2	5	1	4	1890	2	0	0	4	2	4
2	4	48	2	2	4	1	1	860	1	0	0	2	2	3
2	4	43	1	2	7	1	1	2472	1	0	0	2	2	8
2	3	56	1	2	3	1	4	1200	2	0	0	4	2	2
2	4	39	2	2	5	1	4	432	2	0	0	4	2	4
2	6	58	1	2	5	1	4	3700	2	0	0	4	2	4
2	3	68	1	2	4	1	2	400	1	0	0	2	2	3
2	3	53	1	2	4	1	3	600	1	0	0	2	2	3
2	3	46	2	4	5	1	4	3100	2	0	0	4	2	4
2	3	47	2	2	4	1	4	1800	2	0	0	4	2	3
2	4	47	1	1	3	1	1	240	1	0	0	2	2	2
2	4	44	2	2	4	1	1	1200	1	0	0	2	2	3
2	5	47	1	2	6	1	1	4500	1	0	0	1	2	6
2	4	53	1	2	5	1	4	3800	2	0	0	4	2	4
2	4	25	2	1	7	1	6	960	4	1	0	4	2	8
2	3	59	1	2	4	1	1	1800	1	0	0	2	2	3
2	5	50	2	2	5	1	4	6400	2	0	0	4	2	4
2	4	52	1	2	5	1	3	600	1	0	0	2	2	4
2	1	27	2	1	7	1	1	1836	1	0	0	2	2	8
2	4	50	2	2	7	1	1	5400	1	0	0	2	2	8
2	4	45	1	2	5	1	4	6200	2	0	0	4	2	4
2	4	27	2	1	7	1	1	1440	1	0	0	2	2	8
2	4	44	1	2	5	1	1	900	1	0	0	2	2	4
2	4	51	1	2	4	1	1	1920	1	0	0	2	2	3
2	4	22	2	1	6	1	1	1220	1	0	0	2	2	6
2	2	62	1	2	7	1	4	12300	2	0	0	4	2	8
2	5	28	2	1	7	1	3	1140	1	0	0	2	2	8
2	5	37	1	2	5	1	1	5100	1	0	0	1	2	4
2	5	49	1	2	5	1	1	4260	1	0	0	1	2	4
2	5	58	1	2	4	1	6	980	4	0	0	4	2	3
2	3	22	1	1	5	3	2	960	1	0	0	2	2	4
2	4	23	1	1	7	4	4	1200	2	0	0	4	2	6
2	3	51	2	3	5	1	4	600	2	0	0	4	2	4
2	3	32	1	2	7	1	1	2496	1	0	0	1	2	8
2	4	45	1	2	8	1	1	8600	1	0	0	1	2	10
2	4	47	2	2	4	1	6	445	4	0	0	4	2	3
2	3	64	1	2	4	1	1	816	1	0	0	2	2	3
2	4	24	2	1	6	1	1	1550	1	0	0	2	2	6
2	4	56	1	2	4	3	3	1800	1	0	0	3	2	3
2	3	54	1	2	5	1	1	2460	1	0	0	2	2	4
2	4	39	2	2	4	1	4	8800	2	0	0	4	2	3
2	3	44	1	1	8	2	1	3600	1	0	0	2	2	10
2	3	52	2	2	3	1	4	1500	2	0	0	4	2	2
2	4	33	1	1	8	1	1	3210	1	0	0	1	2	10
2	3	48	2	2	4	1	4	1200	2	0	0	4	2	3
2	4	33	1	2	6	1	1	2484	1	0	0	2	2	6
2	4	35	1	1	5	1	1	1920	1	0	0	2	2	4
2	5	51	1	2	4	1	1	1920	1	0	0	2	2	3
2	4	45	2	2	5	1	1	877	1	0	0	3	2	4
2	5	28	2	1	7	1	1	1920	1	0	0	2	2	8
2	2	25	2	2	7	1	1	1200	1	0	0	2	2	8
2	4	26	1	1	5	1	1	2832	1	99	0	2	2	4
2	4	24	1	1	6	5	6	1716	4	0	0	4	2	5
2	4	30	1	1	7	1	1	2256	1	0	0	2	2	8
2	3	36	1	2	7	1	1	2520	1	0	0	2	2	8
2	4	38	2	1	7	1	1	3360	1	3	0	1	2	8
2	5	38	1	2	5	1	4	3600	2	0	0	4	2	4
2	3	51	1	2	4	1	3	1440	1	0	0	2	2	3
2	5	45	2	2	5	3	3	730	1	0	0	2	2	4
2	5	42	1	2	7	3	1	2880	1	0	0	2	2	6
2	2	61	1	2	7	1	4	20000	2	0	0	4	2	8
2	3	51	1	2	4	1	4	1030	2	0	0	4	2	3
2	3	28	2	1	6	1	2	1584	1	0	0	2	2	6
2	2	46	1	2	9	1	1	5300	1	0	0	1	2	10
2	3	53	1	2	4	1	4	2500	2	0	0	4	2	3
2	3	39	1	2	6	1	4	2400	2	0	0	4	2	6
2	4	37	1	2	6	1	1	2580	1	0	0	2	2	6
2	3	23	1	1	7	3	1	204	1	0	0	2	2	6
2	4	29	2	1	6	1	1	1200	1	0	0	2	2	6
2	2	71	1	2	7	3	4	180	2	0	0	4	2	5
2	3	24	1	1	5	1	6	455	4	0	0	4	2	4
2	2	62	1	5	4	3	4	2400	2	0	0	4	2	3
2	4	39	1	2	5	1	1	2400	1	0	0	2	2	4
2	4	39	2	2	7	4	4	2430	2	0	0	4	2	6
2	3	31	1	2	7	1	1	3120	1	0	0	2	2	8
2	3	33	1	1	6	1	1	3000	1	0	0	2	2	6
2	5	60	1	2	4	1	4	1850	2	0	0	4	2	3
2	3	23	2	1	7	3	1	1260	1	0	0	2	2	5
2	5	26	2	1	7	1	6	960	4	0	0	4	2	8
2	4	28	1	1	6	1	1	1224	1	0	0	2	2	6
2	4	38	1	2	5	1	2	2400	1	0	0	2	2	4
2	4	42	1	2	5	1	1	1650	1	0	0	2	2	4
2	4	49	1	2	5	1	4	6100	2	0	0	4	2	4
2	4	44	2	2	5	1	1	960	1	0	0	2	2	4
2	3	53	1	2	5	1	3	2400	1	0	0	2	2	4
2	5	30	1	1	6	1	1	1572	1	0	0	2	2	6
2	3	28	2	1	6	1	6	1632	4	0	0	4	2	6
2	3	52	2	2	4	1	1	1584	1	0	0	2	2	3
2	5	33	1	2	6	1	1	4080	1	0	0	1	1	6
2	5	52	2	2	4	1	2	864	1	0	0	2	2	3
2	1	48	2	4	5	1	1	1080	1	0	0	2	2	4
2	1	64	2	5	3	1	1	390	1	0	0	2	2	2
2	5	42	1	2	7	1	1	5600	1	0	0	1	2	8
2	4	45	1	2	5	1	1	3264	1	0	0	2	2	4
2	3	35	1	1	7	1	1	2184	1	5	0	1	2	8
2	4	52	2	2	4	1	1	150	1	0	0	2	2	3
2	4	48	2	2	8	4	1	4440	1	0	0	1	2	9
2	7	51	1	2	4	1	4	1800	2	0	0	4	2	3
2	3	21	1	1	7	4	6	80	4	0	0	4	2	6
2	3	25	1	1	6	5	2	960	1	0	0	2	2	5
2	4	43	1	2	8	4	1	2800	1	0	0	2	2	9
2	4	42	2	2	5	1	1	1200	1	0	0	2	2	4
2	4	39	1	2	6	1	1	2544	1	0	0	2	2	6
2	5	46	2	2	5	1	6	1355	4	0	0	4	2	4
2	7	26	2	1	6	1	1	1800	1	0	0	2	2	6
2	4	53	1	2	5	1	1	3800	1	0	0	1	2	4
2	4	38	1	2	5	1	1	1908	1	0	0	2	2	4
2	3	53	2	2	3	1	1	1020	1	0	0	2	2	2
2	4	53	2	2	4	1	3	816	1	0	0	2	2	3
2	2	66	2	2	3	1	4	1200	2	0	0	4	2	2
2	4	57	1	2	5	1	3	1920	1	0	0	2	2	4
2	4	55	1	2	5	1	1	2184	1	0	0	2	2	4
2	4	59	1	2	5	1	1	3060	1	0	0	2	2	4
2	5	42	2	2	5	1	1	3600	1	0	0	2	2	4
2	4	41	2	2	4	1	1	325	1	0	0	2	2	3
2	5	51	1	2	5	1	4	6100	2	0	0	4	2	4
2	4	23	1	1	7	5	6	300	4	0	0	4	2	6
2	2	63	1	2	4	1	1	1560	1	0	0	2	2	3
2	2	31	1	2	7	1	1	5100	1	0	0	1	2	8
2	3	47	2	2	4	1	1	1236	1	0	0	1	2	3
2	4	50	1	2	6	1	4	3200	2	0	0	4	2	6
2	5	27	2	1	5	1	1	2160	1	0	0	2	2	4
2	2	20	2	1	7	4	2	480	1	0	0	2	2	5
2	2	59	2	5	3	1	3	792	1	0	0	2	2	2
2	4	51	1	2	4	1	4	2400	2	0	0	4	2	3
2	3	32	2	2	8	1	1	2560	1	0	0	2	2	10
2	3	35	1	2	6	1	1	3180	1	0	0	2	2	6
2	3	23	2	1	6	3	1	936	1	0	0	2	2	5
2	3	33	2	2	7	1	1	2520	1	0	0	2	2	8
2	4	50	1	2	4	1	4	2500	2	0	0	4	2	3
2	2	33	1	1	4	1	1	1850	1	0	0	2	2	3
2	4	48	2	2	4	1	4	2400	2	0	0	4	2	3
2	3	25	1	1	5	1	1	1560	1	0	0	2	2	4
2	4	38	1	1	5	3	1	2040	1	0	0	2	2	4
2	5	53	1	2	4	1	1	2556	1	0	0	1	2	3
2	2	47	1	1	5	1	3	900	1	0	0	2	2	4
2	4	47	1	2	6	1	4	2100	2	0	0	4	2	6
2	5	21	2	1	5	1	6	100	4	0	0	4	2	4
2	4	35	2	2	4	1	3	574	1	0	0	2	2	3
2	5	21	2	1	5	3	1	490	1	0	0	2	2	4
2	5	33	1	1	6	1	1	1200	1	0	0	2	2	6
2	5	21	2	1	7	4	2	242	1	0	0	2	2	5
2	4	61	1	2	7	1	1	922	1	0	0	2	2	8
2	2	69	2	5	3	3	3	600	1	0	0	2	2	2
2	4	57	1	2	5	1	2	1956	1	0	0	1	2	4
2	2	60	1	2	5	1	4	2500	2	0	0	4	2	4
2	4	28	2	1	7	1	6	630	4	0	0	4	2	8
2	4	49	1	2	5	1	4	3200	2	0	0	4	2	4
2	4	50	2	2	4	1	1	280	1	0	0	2	2	3
2	4	42	2	2	5	1	3	1152	1	0	0	2	2	4
2	4	45	1	2	5	1	4	1615	2	0	0	4	2	4
2	3	54	2	2	5	1	3	936	1	0	0	2	2	4
2	4	38	1	2	8	1	4	4850	2	0	0	4	2	10
2	4	49	1	2	5	1	1	2736	1	0	0	2	2	4
2	5	26	2	1	7	1	1	1620	1	0	0	1	2	8
2	5	42	2	2	6	1	1	1600	1	0	0	2	2	6
2	3	23	1	1	5	1	1	2256	1	0	0	3	2	4
2	4	56	2	2	5	1	1	1800	1	0	0	2	2	4
2	4	50	1	2	8	1	1	6500	1	3	3	2	2	10
3	4	34	1	2	6	1	1	2820	1	0	0	2	2	6
3	5	42	1	2	7	1	4	5800	2	0	0	4	2	8
3	4	38	2	2	5	1	1	828	1	0	0	2	2	4
3	4	23	2	1	6	1	1	1848	1	0	0	2	2	6
3	3	27	2	1	7	1	4	360	2	1	0	4	2	8
3	3	50	2	3	3	1	4	2400	2	0	0	4	2	2
3	4	34	1	2	7	1	1	4320	1	6	8	2	2	8
3	5	52	1	2	6	1	1	3096	1	0	0	2	2	6
3	4	68	1	2	4	1	1	780	1	0	0	2	2	3
3	2	53	2	2	6	1	1	3600	1	0	0	1	2	6
3	4	35	1	1	8	3	1	3300	1	0	0	2	2	9
3	3	38	1	2	6	1	1	600	1	0	0	2	2	6
3	4	38	1	2	6	1	1	3456	1	0	0	1	2	6
3	4	53	1	2	7	1	4	1836	2	0	0	4	2	8
3	4	44	1	2	8	1	4	12000	2	0	0	4	1	10
3	3	37	2	2	5	1	1	1344	1	0	0	2	2	4
3	3	26	2	1	7	1	1	2436	1	0	0	1	2	8
3	4	47	1	2	5	1	4	2420	2	0	0	4	2	4
3	3	37	1	2	5	1	1	1848	1	0	0	2	2	4
3	4	56	1	2	5	1	2	1488	1	0	0	1	2	4
3	3	65	1	2	7	1	4	3960	2	0	0	4	2	8
3	4	57	2	2	3	1	1	1452	1	0	0	2	2	2
3	3	30	2	1	6	1	2	1116	1	0	0	2	2	6
3	2	52	1	2	5	1	4	400	2	0	0	4	2	4
3	2	31	2	2	5	1	1	1920	1	0	0	2	2	4
3	4	41	1	2	5	1	4	3012	2	0	0	4	2	4
3	4	54	1	2	4	1	1	1320	1	0	0	2	2	3
3	3	39	1	2	5	1	3	1680	1	0	0	2	2	4
3	2	32	1	2	7	1	1	2760	1	0	0	1	2	8
3	6	38	2	2	5	1	1	1800	1	0	0	2	2	4
3	2	61	2	5	3	1	4	960	2	0	0	4	2	2
3	3	34	2	2	7	1	1	1800	1	0	0	2	2	8
3	4	52	1	2	5	1	4	6500	2	0	0	4	2	4
3	3	33	1	2	6	1	1	2460	1	0	0	2	2	6
3	4	33	1	2	5	3	1	1932	1	0	0	2	2	4
3	3	36	1	2	6	1	4	5000	2	0	0	4	2	6
3	6	54	1	2	4	1	1	5304	1	0	0	1	1	3
3	2	31	1	2	7	1	1	2496	1	0	0	2	2	8
3	4	29	2	1	7	1	1	2208	1	0	0	2	2	8
3	2	62	1	2	5	1	4	1200	2	0	0	4	2	4
3	4	48	1	2	3	1	3	588	1	0	0	1	2	2
3	2	38	1	1	5	1	3	1680	1	0	0	2	2	4
3	2	50	2	5	5	1	1	960	1	0	0	2	2	4
3	1	43	1	4	5	1	1	2280	1	0	0	2	2	4
3	4	39	1	2	5	3	1	2400	1	0	0	2	2	4
3	3	32	1	2	6	5	1	2436	1	0	0	2	2	5
3	2	66	1	2	3	1	1	1236	1	0	0	3	2	2
3	3	33	2	1	5	1	1	1836	1	0	0	2	2	4
3	2	28	2	2	6	1	2	1200	1	0	0	2	1	6
3	4	56	1	2	5	1	4	1400	2	0	0	4	2	4
3	4	40	1	2	7	1	4	2400	2	0	0	4	2	8
3	4	49	1	2	7	1	4	0	2	0	0	4	2	8
3	4	44	1	2	5	1	4	240	2	0	0	4	2	4
3	4	50	1	2	5	1	1	3360	1	0	0	2	2	4
3	4	28	2	2	7	1	6	1830	4	0	0	4	2	8
3	3	32	2	2	6	1	1	3660	1	0	0	2	2	6
3	4	30	1	2	7	1	1	3636	1	4	0	1	2	8
3	3	30	2	2	7	1	1	1464	1	0	0	2	2	8
3	4	49	1	2	5	1	3	1152	1	0	0	2	2	4
3	4	49	2	2	4	1	1	181	1	0	0	2	2	3
3	2	61	1	4	4	1	4	2400	2	0	0	4	2	3
3	5	43	2	2	5	1	4	1824	2	0	0	4	2	4
3	2	60	2	2	3	1	1	720	1	0	0	2	2	2
3	3	66	1	2	5	1	4	1800	2	0	0	4	2	4
3	3	58	2	2	3	1	4	720	2	0	0	4	2	2
3	3	41	1	2	6	1	4	6000	2	0	0	4	2	6
3	2	50	1	2	3	1	4	1560	2	0	0	4	2	2
3	4	39	1	2	4	1	1	1560	1	0	0	2	2	3
3	4	41	1	2	6	1	4	1912	2	0	0	4	2	6
3	4	48	1	2	6	1	1	6238	1	0	0	2	2	6
3	4	44	1	2	7	1	1	2220	1	0	0	2	2	8
3	2	47	2	4	4	1	3	1440	1	0	0	2	2	3
3	4	46	1	2	8	5	1	6360	1	0	0	1	2	9
3	4	31	2	1	7	1	6	900	4	0	0	4	2	8
3	3	34	2	2	6	1	1	390	1	0	0	2	2	6
3	2	68	2	2	5	1	6	140	4	0	0	4	2	4
3	4	44	1	2	6	1	4	3800	2	0	0	4	2	6
3	5	30	1	1	7	1	1	732	1	0	0	2	2	8
3	4	40	2	2	7	1	1	4800	1	0	0	2	2	8
3	4	42	1	2	5	1	1	1824	1	0	0	2	2	4
3	4	42	1	2	7	1	1	1980	1	0	0	2	2	8
3	4	45	1	2	5	1	1	1440	1	0	0	2	2	4
3	4	38	2	2	5	1	4	1236	2	0	0	4	2	4
3	3	33	1	2	5	1	1	2640	1	0	0	2	2	4
3	2	60	1	2	4	3	2	2400	1	0	0	2	2	3
3	4	30	2	2	8	1	4	2450	2	0	0	4	2	10
3	4	40	2	2	5	1	2	840	1	0	0	2	2	4
3	5	48	1	2	7	1	1	2400	1	0	0	2	2	8
3	5	57	1	2	5	1	6	2550	4	0	0	4	2	4
3	4	49	1	2	6	1	1	6520	1	0	0	1	2	6
3	4	59	1	2	4	1	4	960	2	0	0	4	2	3
3	4	23	1	1	7	4	6	375	4	5	0	4	2	5
3	3	44	2	2	6	1	1	1800	1	0	0	2	2	6
3	4	45	2	2	4	1	3	900	1	0	0	2	2	3
3	3	29	2	2	5	1	1	1476	1	0	0	2	2	4
3	4	39	1	2	7	1	1	5400	1	0	0	1	2	8
3	3	36	1	2	5	1	1	1956	1	0	0	2	2	4
3	2	25	2	1	6	1	1	1224	1	0	0	2	2	6
3	4	34	1	2	6	1	1	3060	1	0	0	2	2	6
3	1	30	1	1	7	1	2	1800	1	0	0	2	2	8
3	3	53	1	2	7	3	3	960	1	0	0	2	2	6
3	4	48	1	2	6	1	1	3000	1	0	0	2	2	6
3	3	35	1	2	6	1	1	1800	1	0	0	2	2	6
3	3	31	1	1	5	1	6	1524	4	0	0	4	2	4
3	3	32	2	2	7	1	2	1536	1	1	0	2	2	8
3	4	45	1	2	5	1	4	1005	2	0	0	4	2	4
3	4	22	2	1	6	4	6	2496	4	0	0	4	2	5
3	3	28	2	1	6	1	1	1800	1	0	0	2	1	6
3	4	50	1	2	4	1	1	1836	1	0	0	1	2	3
3	4	42	1	2	7	3	2	1200	1	0	0	2	2	6
3	1	27	2	1	7	1	1	2340	1	0	0	2	2	8
3	4	49	1	2	4	1	3	840	1	0	0	2	2	3
3	6	25	2	1	7	1	1	2340	1	0	0	1	2	8
3	4	68	1	2	4	1	2	1140	1	0	0	2	2	3
3	4	47	1	2	7	1	2	5580	1	0	0	3	2	8
3	3	50	2	2	4	3	1	900	1	0	0	2	2	3
3	4	31	2	2	7	1	1	2304	1	2	0	2	2	8
3	5	56	2	2	5	1	1	3000	1	0	0	2	2	4
3	4	35	1	2	5	1	1	1680	1	0	0	2	2	4
3	4	30	1	1	6	1	1	1800	1	0	0	2	2	6
3	4	43	2	2	5	1	4	1210	2	0	0	4	2	4
3	4	25	2	1	7	1	1	1104	1	0	0	1	2	8
3	1	27	2	1	6	1	1	1656	1	0	0	1	2	6
3	4	44	2	2	4	1	3	720	1	0	0	2	2	3
3	3	37	1	2	6	1	1	3060	1	0	0	1	2	6
3	4	34	1	2	7	1	1	3000	1	0	0	2	2	8
3	4	28	2	1	6	4	1	900	1	0	0	2	2	5
3	1	73	2	5	2	6	4	360	2	0	0	4	2	1
3	2	64	1	2	5	1	6	891	4	0	0	4	2	4
3	1	53	1	4	4	1	1	1224	1	0	0	2	2	3
3	3	51	2	5	3	1	1	1620	1	0	0	2	2	2
3	5	38	1	2	7	1	4	1500	2	0	0	4	2	8
3	4	49	2	2	4	1	1	1080	1	0	0	2	2	3
3	5	41	1	2	4	1	1	2232	1	0	0	2	2	3
3	4	23	2	1	6	1	1	1092	1	0	0	2	2	6
3	3	55	1	2	5	1	1	2424	1	0	0	2	2	4
3	4	36	1	2	5	3	4	4800	2	0	0	4	2	4
3	2	38	1	2	7	1	1	3096	1	0	0	2	2	8
3	3	32	1	2	7	1	1	3576	1	0	0	2	2	8
3	3	36	1	1	5	1	2	1476	1	0	0	1	2	4
3	4	52	1	2	4	1	3	1152	1	0	0	2	2	3
3	4	35	2	2	2	1	1	1488	1	0	0	3	2	1
3	3	28	1	2	6	1	4	8000	2	0	0	4	2	6
3	4	44	1	2	5	1	1	2400	1	0	0	2	2	4
3	4	26	2	1	8	5	1	1824	1	0	0	2	2	9
3	3	36	1	2	7	1	1	3680	1	0	0	1	2	8
3	1	52	1	2	5	1	1	3216	1	0	0	1	2	4
3	3	36	1	2	6	1	4	2460	2	0	0	4	2	6
3	2	25	2	1	5	1	1	960	1	0	0	2	2	4
3	3	45	2	4	5	1	1	1800	1	0	0	2	2	4
3	4	36	1	2	6	1	1	3036	1	0	0	2	2	6
3	3	39	1	2	7	1	1	3000	1	0	0	1	2	8
3	3	46	2	2	4	1	3	480	1	0	0	2	2	3
3	4	41	2	2	7	1	1	3660	1	0	0	2	2	8
3	3	35	2	2	6	1	1	1836	1	0	0	2	2	6
3	3	37	2	1	8	1	1	2700	1	0	0	1	2	10
3	2	30	2	2	5	1	1	4000	1	0	0	2	2	4
3	4	49	1	2	5	1	3	600	1	0	0	2	2	4
3	1	82	1	5	3	1	3	336	1	0	0	2	2	2
3	4	41	1	2	5	1	1	960	1	0	0	2	2	4
3	3	27	1	1	5	1	1	1440	1	0	0	2	2	4
3	4	26	2	1	6	1	1	1200	1	0	0	2	2	6
3	2	32	1	2	6	1	1	3180	1	0	0	2	2	6
3	4	44	1	2	8	4	1	7800	1	0	0	1	2	9
3	2	28	1	2	7	1	2	2400	1	0	0	1	2	8
3	3	51	2	5	4	1	3	200	1	0	0	2	2	3
3	2	61	1	4	3	1	1	828	1	0	0	2	2	2
3	6	27	2	1	7	1	1	2364	1	0	0	1	2	8
3	3	46	1	2	4	1	1	2088	1	0	0	2	2	3
3	1	58	2	5	3	1	1	612	1	0	0	2	2	2
3	1	34	1	1	7	1	1	4740	1	0	0	2	2	8
3	2	31	1	2	6	1	1	1968	1	0	0	2	2	6
3	4	45	2	2	5	1	4	2410	2	0	0	4	2	4
3	4	29	2	1	5	1	6	960	4	0	0	4	2	4
3	3	25	1	1	5	1	1	1200	1	0	0	2	2	4
3	1	37	2	4	7	1	1	1836	1	0	0	2	2	8
3	5	57	1	2	4	1	4	944	2	0	0	4	2	3
3	4	33	1	2	6	1	1	2796	1	0	0	2	2	6
3	4	67	1	2	4	3	4	1210	2	0	0	4	2	3
3	3	57	1	2	4	1	4	1560	2	0	0	4	2	3
3	1	22	2	1	6	1	1	1344	1	0	0	2	2	6
3	3	35	1	2	7	1	4	2400	2	0	0	4	2	8
3	5	29	2	1	5	1	1	1800	1	0	0	2	2	4
3	2	57	1	2	5	1	4	1080	2	0	0	4	2	4
3	6	48	2	2	4	1	1	1836	1	0	0	2	2	3
3	4	52	1	2	4	1	2	2448	1	0	0	2	2	3
3	4	60	1	2	4	3	6	700	4	0	0	4	2	3
3	2	26	2	2	7	1	1	2400	1	0	0	1	1	8
3	5	41	1	2	4	3	4	4800	2	0	0	4	2	3
3	3	33	1	2	7	1	1	2124	1	0	0	2	2	8
3	3	65	1	2	4	1	4	3700	2	0	0	4	2	3
3	3	33	1	2	6	1	1	1824	1	0	0	2	2	6
3	2	37	1	2	5	1	4	5000	2	0	0	4	2	4
3	3	40	1	2	8	2	4	1300	2	0	0	4	2	10
3	3	29	2	2	6	1	1	1920	1	0	0	2	2	6
3	4	55	1	2	7	1	1	6780	1	0	0	1	2	8
3	3	34	1	2	7	1	1	2436	1	0	0	2	2	8
3	4	37	1	2	7	1	1	10000	1	5	15	1	2	8
3	3	29	1	2	6	1	1	1240	1	0	0	2	2	6
3	3	35	1	1	5	1	1	1680	1	0	0	1	2	4
3	3	28	2	2	5	1	6	2400	4	0	0	4	2	4
3	3	29	2	2	5	1	6	1150	4	0	0	4	2	4
3	1	43	1	1	5	1	2	1800	1	0	0	2	2	4
3	4	48	2	2	4	1	1	1848	1	0	0	1	2	3
3	1	30	1	1	7	1	1	2400	1	0	0	2	2	8
3	3	36	1	2	7	5	1	1680	1	0	0	2	2	6
3	5	29	1	2	5	1	6	2400	4	0	0	4	2	4
3	2	54	1	2	5	1	1	2200	1	0	0	2	2	4
3	4	55	1	2	7	1	4	3684	2	0	0	4	2	8
3	3	45	2	2	4	1	6	1220	4	0	0	4	2	3
3	4	50	1	2	3	1	4	999999	2	0	0	4	2	2
3	3	70	1	2	4	1	2	414	1	0	0	2	2	3
3	4	43	1	2	6	1	4	6060	2	0	0	4	2	6
3	2	56	1	2	7	1	1	2400	1	0	0	2	2	8
3	4	46	1	2	6	1	1	3360	1	0	0	2	2	6
3	4	40	1	2	5	1	1	2160	1	0	0	2	2	4
3	1	32	1	1	5	1	1	1440	1	0	0	2	2	4
3	3	37	1	2	7	1	1	2472	1	0	0	2	2	8
3	5	39	1	2	5	1	1	3600	1	0	0	2	2	4
3	2	56	2	2	3	1	1	1080	1	0	0	2	2	2
3	3	29	1	2	7	1	1	1332	1	0	0	2	2	8
3	4	32	1	4	5	1	4	2420	2	0	0	4	2	4
3	4	55	1	2	5	1	4	999999	2	0	0	4	2	4
3	4	36	1	2	6	1	4	3000	2	0	0	4	2	6
3	4	42	1	2	7	1	1	6240	1	0	0	1	2	8
3	1	33	2	4	5	1	1	610	1	0	0	2	2	4
3	2	53	2	2	5	1	1	876	1	0	0	3	2	4
3	2	29	1	1	5	1	1	1200	1	0	0	2	2	4
3	3	62	1	2	4	1	4	1080	2	0	0	4	2	3
3	6	28	1	2	6	1	1	2220	1	0	0	2	2	6
3	4	23	1	1	7	5	1	960	1	0	0	2	2	6
3	3	48	2	2	5	1	1	876	1	99	999999	2	2	4
3	4	35	1	2	5	1	4	1560	2	0	0	4	2	4
3	4	35	2	2	7	1	1	1836	1	0	0	2	2	8
3	3	31	1	1	7	1	1	2460	1	0	0	3	2	8
3	3	31	1	2	6	1	4	3000	2	0	0	4	2	6
3	5	33	1	2	7	1	1	2160	1	0	0	2	2	8
3	4	41	2	2	8	4	1	2460	1	0	0	1	2	9
3	3	59	1	2	4	1	1	2208	1	0	0	2	2	3
3	4	42	2	2	4	1	1	960	1	0	0	2	2	3
3	3	27	1	1	5	1	1	2856	1	0	0	1	2	4
3	3	36	2	2	5	1	1	4695	1	0	0	2	2	4
3	3	48	2	2	5	1	4	1000	2	0	0	4	2	4
3	4	39	2	2	7	1	1	3564	1	0	0	2	2	8
3	4	31	2	2	5	1	1	1396	1	0	0	2	2	4
3	1	48	1	1	3	1	3	280	1	0	0	2	2	2
3	3	47	1	4	3	1	4	400	2	0	0	4	1	2
3	3	59	1	2	3	1	2	1800	1	0	0	2	2	2
3	4	32	2	2	7	1	1	2556	1	0	0	2	2	8
3	3	52	2	2	3	1	3	840	1	0	0	2	2	2
3	2	51	2	4	5	1	1	720	1	0	0	2	2	4
3	4	44	2	2	4	1	1	820	1	0	0	2	2	3
3	2	63	1	2	3	1	1	720	1	0	0	2	2	2
3	4	36	1	2	6	1	6	2120	4	0	0	4	2	6
3	1	42	1	4	5	1	3	1920	1	0	0	2	2	4
3	3	46	1	2	5	1	1	2400	1	0	0	2	2	4
3	4	33	1	2	6	1	4	2000	2	0	0	4	2	6
3	4	49	1	4	6	1	4	2000	2	0	0	4	2	6
3	3	37	2	2	6	1	1	1421	1	3	1	2	2	6
3	2	31	1	1	5	1	2	600	1	0	0	2	2	4
3	6	48	1	2	3	1	4	3060	2	0	0	4	2	2
3	4	51	1	2	5	1	1	2592	1	0	0	1	2	4
3	4	27	2	1	7	1	6	880	4	0	0	4	2	8
3	4	39	2	2	5	1	1	2544	1	0	0	1	2	4
3	2	63	1	2	5	1	4	1000	2	0	0	4	2	4
3	6	27	2	1	6	1	1	1836	1	0	0	1	2	6
3	3	45	2	2	4	1	2	30	1	0	0	2	2	3
3	3	28	2	2	6	1	1	652	1	0	0	2	2	6
3	4	41	1	2	7	1	1	2340	1	0	0	2	2	8
3	4	45	1	2	5	1	3	700	1	0	0	2	2	4
3	3	30	1	1	5	1	1	1870	1	0	0	3	2	4
3	4	32	1	1	5	1	1	720	1	0	0	1	2	4
3	3	58	1	2	5	1	1	852	1	0	0	2	2	4
3	4	42	2	2	5	1	3	1200	1	0	0	2	2	4
3	3	69	2	2	3	1	4	504	2	0	0	4	2	2
3	4	58	2	5	3	1	4	960	2	0	0	4	2	2
3	3	32	1	2	6	1	1	3060	1	0	0	3	2	6
3	2	23	2	1	6	1	6	927	4	0	0	4	2	6
3	4	57	1	2	5	1	4	3800	2	0	0	4	2	4
3	2	28	2	2	7	1	1	650	1	0	0	2	2	8
3	4	27	1	1	7	1	1	1824	1	0	0	3	2	8
3	3	57	2	2	3	1	1	1020	1	0	0	2	2	2
3	4	20	1	1	5	1	2	1104	1	0	0	1	2	4
3	4	53	2	2	4	3	4	765	2	0	0	4	2	3
3	4	51	1	2	7	1	1	3060	1	0	0	2	2	8
3	4	28	1	1	7	1	1	2436	1	0	0	2	2	8
3	4	40	1	2	7	1	1	2448	1	0	0	2	2	8
3	5	51	2	2	4	1	4	1200	2	0	0	4	2	3
3	3	51	1	4	5	1	1	900	1	0	0	1	2	4
3	4	48	2	2	3	1	4	1008	2	0	0	4	2	2
3	1	28	1	1	6	1	1	1899	1	0	0	2	2	6
3	2	63	2	2	3	1	1	960	1	0	0	2	2	2
3	6	47	2	2	6	1	1	840	1	0	0	2	2	6
3	4	27	1	1	6	1	1	300	1	0	0	2	2	6
3	3	48	1	2	4	1	1	1680	1	0	0	2	2	3
3	3	26	1	2	5	1	1	1608	1	0	0	2	2	4
3	3	60	1	2	5	1	4	600	2	0	0	4	2	4
3	3	34	1	2	6	1	1	2040	1	0	0	2	2	6
3	4	42	1	2	5	1	4	2430	2	0	0	4	2	4
3	3	32	1	2	6	1	1	2436	1	3	1	2	2	6
3	4	24	2	1	6	1	1	1236	1	3	0	1	2	6
3	3	33	1	2	5	1	3	1440	1	0	0	2	2	4
3	3	56	1	2	4	1	1	1836	1	0	0	2	2	3
3	4	23	2	1	7	1	2	720	1	0	0	2	2	8
3	4	36	2	2	7	1	1	2340	1	0	0	1	2	8
3	4	36	1	2	2	1	1	1440	1	0	0	2	2	1
3	4	75	1	2	5	1	4	960	2	0	0	4	2	4
3	4	37	1	2	8	4	1	600	1	0	0	2	2	9
3	3	45	1	2	6	1	1	1080	1	0	0	2	2	6
3	4	48	2	2	5	1	1	1620	1	0	0	2	2	4
3	2	65	1	2	4	3	6	360	4	0	0	4	2	3
3	3	35	1	2	7	1	4	3020	2	0	0	4	2	8
3	4	47	2	2	4	1	1	1836	1	0	0	2	2	3
3	3	47	2	2	3	1	2	912	1	0	0	2	2	2
3	3	36	1	2	7	3	1	2232	1	0	0	2	2	6
3	4	52	2	2	4	1	6	1200	4	0	0	4	2	3
3	4	41	2	2	5	1	4	840	2	0	0	4	2	4
3	3	63	1	2	4	1	1	924	1	0	0	2	2	3
3	6	38	1	2	7	1	1	1800	1	0	0	2	2	8
3	3	64	1	2	6	1	6	1836	4	0	0	4	2	6
3	5	49	2	2	6	1	6	1200	4	0	0	4	2	6
3	4	47	2	2	5	1	6	490	4	0	0	4	2	4
3	4	55	1	2	5	1	1	3120	1	0	0	2	2	4
3	4	48	1	2	5	1	1	1644	1	0	0	2	2	4
3	5	48	2	2	4	1	6	1044	4	0	0	4	2	3
3	2	34	2	2	7	1	1	2220	1	0	0	2	2	8
3	4	61	1	2	4	1	6	480	4	0	0	4	2	3
3	4	59	2	2	4	1	3	864	1	0	0	2	2	3
3	4	36	2	2	7	1	6	2328	4	7	2	4	2	8
3	4	45	1	2	5	1	1	1872	1	0	0	2	2	4
3	4	26	1	1	6	5	6	1464	4	0	0	4	2	5
3	2	71	1	2	5	1	6	500	4	0	0	4	2	4
3	4	35	1	2	6	1	1	1680	1	0	0	2	2	6
3	2	31	1	2	7	1	1	3000	1	0	0	2	2	8
3	5	27	2	1	6	1	1	1860	1	0	0	3	2	6
3	4	33	1	1	7	1	6	1956	4	0	0	4	2	8
3	4	30	2	2	5	1	1	1788	1	0	0	2	2	4
3	1	44	1	4	5	1	4	5100	2	0	0	4	2	4
3	4	51	1	2	6	1	1	1848	1	0	0	2	2	6
3	3	33	2	2	6	1	6	1705	4	0	0	4	1	6
3	1	42	2	1	5	1	4	999999	2	0	0	4	2	4
3	3	50	1	2	5	1	1	1212	1	0	0	1	2	4
3	4	49	2	2	4	1	4	1200	2	0	0	4	2	3
3	3	40	1	2	4	3	1	2760	1	0	0	2	2	3
3	5	43	2	2	6	1	2	852	1	0	0	2	2	6
3	2	51	2	5	5	1	4	1250	2	0	0	4	2	4
3	3	65	2	2	4	1	4	1200	2	0	0	4	2	3
3	3	45	1	2	5	1	4	6750	2	0	0	4	2	4
3	4	40	1	2	7	1	1	3216	1	0	0	2	2	8
3	3	32	2	2	7	1	6	600	4	0	0	4	1	8
3	2	63	1	2	7	1	4	1200	2	0	0	4	2	8
3	2	24	1	1	6	4	3	1440	1	0	0	3	2	5
3	3	29	1	1	7	1	1	2616	1	0	0	1	2	8
3	3	52	2	2	3	1	1	1200	1	0	0	2	2	2
3	5	45	1	2	5	1	1	2496	1	0	0	2	2	4
3	3	54	1	2	3	1	4	1500	2	0	0	4	2	2
3	6	47	1	2	7	1	4	999999	2	0	0	4	2	8
3	4	49	1	2	4	1	1	2460	1	0	0	2	2	3
3	4	41	1	2	7	1	4	1215	2	0	0	4	2	8
3	5	47	1	2	7	1	1	2232	1	0	0	1	2	8
3	1	51	2	5	5	1	4	108	2	0	0	4	2	4
3	5	25	1	1	6	5	1	885	1	0	0	1	2	5
3	3	34	1	2	6	1	1	2110	1	0	0	2	2	6
3	2	33	2	1	6	1	1	1920	1	0	0	1	2	6
7	3	32	1	2	5	1	1	2565	1	0	0	2	2	4
7	1	31	2	1	7	1	2	3600	1	0	0	2	2	8
7	4	43	2	2	4	3	2	860	1	0	0	2	2	3
7	3	46	1	2	6	1	1	5496	1	0	0	1	2	6
7	3	25	1	1	4	1	1	1392	1	0	0	2	2	3
7	3	45	1	4	5	1	1	4500	1	0	0	1	2	4
7	4	43	1	2	6	1	1	5064	1	0	0	1	2	6
7	4	46	1	2	5	1	1	5000	1	0	0	1	2	4
7	4	45	1	2	5	1	4	2090	2	0	0	4	2	4
7	3	62	1	2	4	1	4	3800	2	0	0	4	2	3
7	4	44	1	2	5	1	1	3840	1	0	0	1	2	4
7	3	51	2	5	4	1	1	1620	1	0	0	1	2	3
7	4	37	1	2	9	1	4	7620	2	0	0	4	2	10
7	2	57	2	2	4	1	4	1850	2	0	0	4	2	3
7	3	55	2	5	5	1	2	1260	1	0	0	2	2	4
7	4	46	1	2	5	1	1	2280	1	0	0	2	2	4
7	4	52	1	2	5	1	1	2244	1	0	0	2	2	4
7	4	43	1	2	5	1	1	3240	1	0	0	2	2	4
7	3	31	1	1	7	1	1	1620	1	0	0	1	2	8
7	4	51	1	2	8	1	1	7536	1	0	0	1	2	10
7	5	59	1	2	5	1	4	10000	2	0	0	4	2	4
7	2	27	2	2	6	1	1	2892	1	0	0	2	2	6
7	4	43	2	2	5	1	1	1200	1	0	0	2	2	4
7	5	38	2	1	7	1	1	1200	1	0	0	2	2	8
7	1	37	1	1	5	1	3	1280	1	0	0	2	2	4
7	4	41	2	2	7	1	1	4900	1	0	0	2	2	8
7	4	25	1	1	7	3	2	600	1	0	0	2	2	7
7	4	47	1	2	5	1	1	4440	1	0	0	2	2	4
7	4	24	2	1	6	1	1	2244	1	0	0	1	2	6
7	4	49	2	2	5	1	4	5000	2	0	0	4	2	4
7	3	64	1	2	5	1	4	600	2	0	0	4	2	4
7	4	56	1	2	4	1	4	8600	2	0	0	4	2	3
7	3	26	1	1	7	3	5	0	3	0	0	4	2	6
7	3	36	1	2	7	1	1	3200	1	0	0	1	2	8
7	4	64	1	2	4	1	4	1900	2	0	0	4	2	3
7	2	46	1	1	4	1	3	1560	1	0	0	2	2	3
7	3	52	1	2	4	3	2	1600	1	0	0	2	2	3
7	4	54	1	2	5	1	1	5280	1	0	0	1	2	4
7	4	32	1	2	6	1	1	4500	1	0	0	2	2	6
7	2	66	1	2	3	1	3	1800	1	0	0	2	2	2
7	1	31	1	1	6	3	1	1992	1	0	0	2	2	5
7	3	38	1	1	5	1	1	1884	1	0	0	2	2	4
7	6	31	2	2	5	1	1	1320	1	0	0	2	2	4
7	4	54	1	2	6	1	1	6000	1	0	0	2	2	6
7	2	27	1	1	5	1	1	1180	1	0	0	2	2	4
7	2	59	1	4	3	1	2	624	1	0	0	2	2	2
7	4	41	1	2	7	1	4	7400	2	0	0	4	2	8
7	4	26	2	1	6	1	1	1260	1	0	0	1	2	6
7	4	59	1	2	5	1	1	6000	1	0	0	1	2	4
7	4	46	1	2	5	1	1	3780	1	0	0	2	2	4
7	4	30	1	2	5	1	1	2244	1	0	0	2	2	4
7	4	40	1	2	5	1	1	5532	1	0	0	1	2	4
7	3	33	1	2	7	3	1	4500	1	0	0	2	2	7
7	4	35	1	2	5	1	4	1150	2	0	0	4	2	4
7	4	35	2	2	6	1	1	4200	1	0	0	1	2	6
7	3	31	1	2	6	1	4	2520	2	0	0	4	2	6
7	5	31	2	1	7	1	2	3084	1	0	0	2	2	8
7	4	59	1	2	5	1	4	3750	2	0	0	4	2	4
7	3	36	1	2	5	1	1	3200	1	0	0	2	2	4
7	3	52	1	2	5	1	2	3000	1	0	0	2	2	4
7	6	50	1	2	4	1	1	2556	1	0	0	2	2	3
7	4	44	1	2	7	1	1	5640	1	0	0	2	2	8
7	3	36	1	2	5	1	1	3780	1	0	0	1	2	4
7	4	61	1	2	8	2	4	5000	2	0	0	4	2	10
7	4	47	2	2	5	1	1	900	1	0	0	2	2	4
7	2	67	2	2	3	1	4	1680	2	0	0	4	2	2
7	5	29	2	1	7	1	1	1829	1	0	0	2	2	8
7	4	56	1	2	4	1	1	2256	1	0	0	1	2	3
7	3	26	2	1	7	1	1	1260	1	0	0	2	2	8
7	4	47	1	2	6	1	1	6336	1	0	0	1	2	6
7	4	38	2	2	5	1	1	1200	1	0	0	2	2	4
7	2	27	2	2	7	3	1	1829	1	0	0	1	2	6
7	2	29	1	2	6	1	1	2496	1	0	0	2	2	6
7	1	33	2	1	7	1	1	2880	1	0	0	2	2	8
7	4	46	1	2	6	1	1	6000	1	0	0	1	2	6
7	4	40	1	2	7	1	4	5200	2	0	0	4	2	8
7	4	33	2	2	5	1	2	195	1	0	0	2	2	4
7	4	38	1	4	5	1	6	1705	4	0	0	4	2	4
7	3	47	1	2	3	1	1	2340	1	0	0	2	2	2
7	4	35	1	2	5	1	6	2616	4	0	0	4	2	4
7	2	68	1	2	4	1	4	840	2	0	0	4	2	3
7	5	76	1	2	4	1	4	4950	2	0	0	4	2	3
7	4	54	1	2	3	1	1	5796	1	0	0	1	2	2
7	4	51	2	2	4	1	4	1220	2	0	0	4	2	3
7	2	27	1	2	4	1	1	2220	1	0	0	2	2	3
7	4	33	1	2	5	1	1	2520	1	0	0	2	2	4
7	4	27	2	1	7	1	1	2244	1	1	0	1	2	8
7	4	47	1	2	5	1	1	2400	1	0	0	2	2	4
7	1	26	1	1	6	1	1	1920	1	0	0	2	2	6
7	1	32	1	1	7	1	1	4500	1	0	0	1	2	8
7	4	39	1	2	7	1	1	5160	1	5	0	1	2	8
7	4	50	2	2	5	1	1	1872	1	0	0	1	2	4
7	4	49	2	2	7	1	1	4500	1	0	0	2	2	8
7	3	30	1	2	5	1	1	2520	1	0	0	2	2	4
7	1	57	2	5	3	1	1	1524	1	0	0	2	2	2
7	4	47	1	2	4	1	4	3800	2	0	0	4	2	3
7	1	56	2	5	4	1	4	2400	2	0	0	4	2	3
7	5	31	1	1	5	1	1	1200	1	0	0	2	2	4
7	3	41	1	2	7	1	1	4680	1	0	0	1	2	8
7	4	36	2	2	7	1	1	3804	1	0	0	1	2	8
7	4	28	1	1	7	4	1	1344	1	0	0	2	2	7
7	4	32	2	1	8	5	4	2500	2	0	0	4	2	9
7	5	51	1	2	5	1	3	2400	1	0	0	2	2	4
7	4	39	2	2	5	1	3	120	1	0	0	2	2	4
7	4	23	2	1	6	1	1	1392	1	0	0	2	2	6
7	4	43	2	2	6	1	4	1900	2	0	0	4	2	6
7	4	41	1	2	7	1	1	4200	1	0	0	2	2	8
7	3	23	1	1	6	5	2	1264	1	0	0	2	2	5
7	4	22	2	1	7	4	2	307	1	0	0	2	2	6
7	4	35	2	2	5	3	5	0	3	0	0	4	2	4
7	4	23	2	1	6	1	6	664	4	0	0	4	2	6
7	3	67	2	2	3	1	1	790	1	0	0	2	2	2
7	4	51	2	2	4	1	1	1260	1	0	0	1	2	3
7	2	66	1	2	4	1	4	500	2	0	0	4	2	3
7	5	35	2	2	7	1	4	4400	2	0	0	4	2	8
7	4	27	1	1	6	1	6	1440	4	0	0	4	2	6
7	4	30	1	2	6	1	1	2040	1	0	0	2	2	6
7	4	46	2	2	5	1	4	3640	2	0	0	4	2	4
7	4	41	2	2	5	1	6	840	4	0	0	4	2	4
7	3	46	2	2	4	1	2	1440	1	0	0	2	2	3
7	4	43	2	2	5	1	4	2500	2	0	0	4	2	4
7	3	31	2	2	5	1	4	1260	2	0	0	4	2	4
7	4	47	1	2	7	3	1	5460	1	0	0	1	2	6
7	4	33	1	2	7	1	1	2484	1	0	0	2	2	8
7	2	76	2	2	2	6	4	400	2	0	0	4	2	1
7	3	32	1	1	6	1	1	1920	1	0	0	2	2	6
7	5	50	2	2	5	1	4	1750	2	0	0	4	2	4
7	4	33	1	2	5	1	1	2580	1	0	0	2	2	4
7	2	57	1	2	3	1	1	4140	1	0	0	2	2	2
7	2	73	2	3	3	1	4	240	2	0	0	4	2	2
7	2	29	1	2	5	1	1	2496	1	0	0	2	2	4
7	2	50	1	2	4	1	3	2520	1	0	0	2	2	3
7	4	29	2	2	6	4	2	1332	1	0	0	2	2	5
7	2	29	1	1	7	1	6	840	4	10	0	4	2	8
7	4	45	1	2	5	1	1	9600	1	0	0	1	2	4
7	3	69	1	2	4	1	1	400	1	0	0	2	2	3
7	4	22	1	1	6	1	1	1800	1	0	0	2	2	6
7	4	20	2	1	7	4	6	220	4	0	0	4	2	6
7	5	71	1	2	5	1	2	960	1	0	0	1	2	4
7	3	34	1	2	7	1	1	2784	1	6	0	2	2	8
7	3	50	2	5	4	1	4	7400	2	0	0	4	2	3
7	4	32	2	2	8	1	1	3264	1	0	0	2	2	10
7	4	29	1	1	7	1	1	2280	1	0	0	2	2	8
7	2	58	2	5	4	1	4	3100	2	0	0	4	2	3
7	4	30	1	1	7	4	4	180	2	7	0	4	2	7
7	2	43	2	4	7	1	4	13400	2	0	0	4	2	8
7	4	24	1	1	6	4	6	600	4	0	0	4	2	5
7	4	41	1	2	5	1	1	6000	1	0	0	1	2	4
7	4	53	1	2	7	1	4	13000	2	0	0	4	2	8
7	4	41	2	2	5	1	1	1248	1	0	0	2	2	4
7	4	29	1	2	6	1	6	2160	4	0	0	4	2	6
7	3	65	1	2	3	1	4	1200	2	0	0	4	2	2
7	4	25	2	1	7	1	6	210	4	0	0	4	2	8
7	5	48	1	2	5	1	1	4800	1	0	0	1	2	4
7	4	46	2	3	3	1	2	1210	1	0	0	2	2	2
7	3	54	1	5	5	1	1	2520	1	0	0	2	2	4
7	4	26	1	1	6	1	1	1884	1	0	0	1	2	6
7	2	31	1	2	7	1	4	5100	2	0	0	4	2	8
7	4	49	1	2	5	1	1	5000	1	0	0	2	2	4
7	5	40	1	2	7	3	3	2600	1	0	0	2	2	7
7	3	30	1	1	4	1	1	1920	1	0	0	2	2	3
7	3	25	2	1	6	1	1	1260	1	0	0	2	2	6
7	3	33	2	2	5	1	1	2416	1	0	0	2	2	4
7	5	42	1	2	8	1	4	1800	2	0	0	4	2	10
7	4	44	1	2	5	1	3	1848	1	0	0	2	2	4
7	4	50	1	2	5	1	1	2784	1	0	0	2	2	4
7	4	54	1	2	5	1	1	5520	1	0	0	1	2	4
7	4	50	1	2	5	1	1	6720	1	1	2	1	2	4
7	4	52	1	2	5	1	1	3240	1	0	0	2	2	4
7	4	53	1	2	6	1	1	5880	1	0	0	1	2	6
7	4	47	1	2	5	1	1	4560	1	0	0	1	2	4
7	4	25	1	1	6	1	1	1488	1	0	0	2	2	6
7	6	37	1	2	5	1	1	3180	1	0	0	1	2	4
7	2	66	1	2	3	1	4	600	2	0	0	4	2	2
14	4	32	1	2	6	1	1	6120	1	0	0	2	2	6
14	5	37	2	2	5	1	6	210	4	0	0	4	2	4
14	4	44	2	2	5	1	2	660	1	0	0	2	2	4
14	4	43	1	2	5	1	1	1040	1	0	0	2	2	4
14	3	54	1	2	4	1	4	780	2	0	0	4	2	3
14	4	60	1	2	4	1	4	960	2	0	0	4	2	3
14	4	51	1	2	5	1	6	720	4	0	0	4	2	4
14	2	62	1	2	5	1	4	750	2	0	0	4	2	4
14	2	53	2	2	4	1	4	960	2	0	0	4	2	3
14	4	37	2	2	7	1	1	2460	1	0	0	2	2	8
14	1	75	1	5	4	3	4	480	2	0	0	4	2	3
14	3	17	1	1	5	4	6	129	4	6	0	4	2	4
14	4	40	2	2	5	1	1	840	1	0	0	2	2	4
14	5	46	2	2	4	1	3	672	1	0	0	2	2	3
14	1	25	2	1	6	1	1	1200	1	0	0	2	2	6
14	4	45	1	2	8	1	1	5364	1	0	0	1	2	10
14	2	25	2	2	6	1	6	800	4	0	0	4	2	6
14	4	46	1	2	3	1	4	4900	2	0	0	4	2	2
14	1	34	2	2	6	1	1	1000	1	0	0	2	2	6
14	4	27	2	1	5	1	1	3420	1	0	0	3	2	4
14	3	25	1	1	6	1	1	1800	1	0	0	3	2	6
14	7	27	1	1	6	1	1	3000	1	0	0	1	2	6
14	2	64	2	2	3	1	5	0	3	0	0	4	2	2
14	4	37	1	2	6	1	1	2340	1	0	0	2	2	6
14	2	64	1	4	4	1	4	2400	2	0	0	4	2	3
14	2	21	1	1	6	1	1	120	1	0	0	2	1	6
14	7	28	1	1	5	1	1	1944	1	0	0	1	2	4
14	3	23	1	1	7	5	2	300	1	0	0	1	2	6
14	3	47	2	2	5	1	1	1200	1	0	0	2	2	4
14	4	51	1	2	4	1	4	2400	2	0	0	4	2	3
14	4	41	2	2	5	1	1	1652	1	0	0	3	2	4
14	4	34	1	2	5	1	6	420	4	0	0	4	2	4
14	2	64	1	2	5	1	4	200	2	0	0	4	2	4
14	3	63	2	2	3	1	3	600	1	0	0	2	2	2
14	4	39	2	2	7	1	1	1596	1	0	0	2	2	8
14	2	70	1	2	3	1	4	3600	2	0	0	4	2	2
14	5	46	1	2	4	1	4	3660	2	0	0	4	2	3
14	4	63	1	2	3	1	4	700	2	0	0	4	2	2
14	4	41	1	2	6	1	4	3900	2	0	0	4	2	6
14	1	35	2	1	8	3	2	2040	1	0	0	1	2	9
14	2	47	2	2	3	1	4	600	2	0	0	4	2	2
14	4	30	1	1	6	1	1	1212	1	0	0	2	2	6
14	3	77	1	2	3	1	4	305	2	0	0	4	2	2
14	4	42	1	2	6	1	4	540	2	0	0	4	2	6
14	2	61	1	2	5	1	4	860	2	0	0	4	2	4
14	2	70	1	2	3	1	4	720	2	0	0	4	2	2
14	2	44	1	4	5	1	3	1241	1	0	0	2	2	4
14	4	50	1	2	7	1	1	2412	1	0	0	2	2	8
14	4	59	1	2	4	1	3	1200	1	0	0	2	2	3
14	2	60	1	5	4	1	4	2200	2	0	0	4	2	3
14	3	27	2	1	6	1	1	1452	1	0	0	2	2	6
14	3	41	2	3	4	1	1	1860	1	0	0	2	2	3
14	4	45	1	2	5	1	3	1020	1	0	0	2	2	4
14	4	46	1	2	8	1	1	3684	1	0	0	1	2	10
14	3	25	2	1	7	4	1	1944	1	0	0	1	2	7
14	4	76	2	5	5	3	4	2000	2	0	0	4	2	4
14	5	51	1	2	5	1	4	150	2	0	0	4	2	4
14	4	38	1	2	5	1	1	1608	1	0	0	2	2	4
14	1	48	1	4	5	1	4	630	2	0	0	4	2	4
14	4	43	1	2	5	1	1	2160	1	0	0	2	2	4
14	1	68	2	3	3	1	2	140	1	0	0	2	2	2
14	2	75	1	2	5	1	4	360	2	0	0	4	2	4
14	2	29	1	2	7	1	1	1200	1	0	0	2	2	8
14	4	46	1	2	5	1	1	6636	1	0	0	1	1	4
14	3	34	1	2	7	1	1	3420	1	0	0	2	2	8
14	2	57	1	2	4	1	4	2668	2	0	0	4	2	3
14	2	59	1	2	4	1	4	1850	2	0	0	4	2	3
14	5	21	2	1	6	4	1	2664	1	0	0	2	2	5
14	1	31	1	1	5	1	1	1200	1	0	0	2	2	4
14	4	30	1	2	5	1	2	1730	1	0	0	1	2	4
14	4	52	1	2	6	1	1	2424	1	0	0	2	2	6
14	7	48	2	2	3	1	1	1104	1	0	0	3	2	2
14	1	75	2	5	2	6	4	250	2	0	0	4	2	1
14	5	48	1	2	5	1	3	1440	1	0	0	2	2	4
14	5	18	2	1	5	4	6	42	4	0	0	4	2	4
14	6	23	2	1	7	1	1	2436	1	0	0	2	2	8
14	4	27	1	1	6	1	1	1596	1	0	0	1	2	6
14	4	35	2	2	5	1	4	1000	2	0	0	4	2	4
14	4	43	1	2	7	1	1	3048	1	0	0	1	2	8
14	3	48	1	5	4	1	4	1620	2	0	0	4	2	3
14	3	58	1	2	5	1	4	420	2	0	0	4	2	4
14	4	37	2	2	5	1	3	720	1	0	0	1	2	4
14	1	19	1	1	5	1	1	1224	1	0	0	3	2	4
14	3	64	1	2	4	1	4	600	2	0	0	4	2	3
14	5	46	1	2	7	1	1	2160	1	0	0	2	2	8
14	2	64	1	2	3	1	4	800	2	0	0	4	2	2
14	3	45	1	2	7	1	2	2400	1	0	0	2	2	8
14	1	34	1	1	7	1	6	303	4	0	0	4	2	8
14	5	41	1	2	5	1	1	2700	1	0	0	2	2	4
14	4	30	2	2	3	3	6	610	4	0	0	4	2	2
14	3	33	1	2	4	1	4	1200	2	0	0	4	2	3
14	3	39	1	2	9	1	1	999999	1	0	0	2	2	10
14	3	59	2	5	3	1	2	960	1	0	0	2	2	2
14	1	20	2	1	6	4	1	2000	1	0	0	2	2	5
14	4	33	2	2	5	1	1	1080	1	0	0	2	2	4
14	4	48	1	2	5	1	1	2640	1	0	0	1	2	4
14	2	48	1	3	5	1	4	1010	2	0	0	4	2	4
14	4	34	1	2	6	1	1	2500	1	0	0	2	2	6
14	3	43	2	2	5	1	1	840	1	0	0	2	2	4
14	4	61	1	2	5	3	4	1680	2	0	0	4	2	4
14	1	35	2	1	8	1	1	2700	1	0	0	2	2	10
14	4	49	1	2	5	1	1	1992	1	0	0	2	2	4
14	4	26	1	1	6	3	1	1212	1	0	0	2	2	5
14	1	56	2	5	3	1	4	650	2	0	0	4	2	2
14	2	68	1	2	5	1	1	648	1	0	0	2	2	4
14	1	22	2	1	5	1	1	1200	1	0	0	2	2	4
14	2	66	1	2	4	1	4	50	2	0	0	4	2	3
14	3	32	1	2	6	1	1	3060	1	0	0	2	2	6
14	2	58	2	2	7	3	4	1300	2	0	0	4	2	6
14	5	48	1	2	6	1	1	3960	1	0	0	2	2	6
14	4	28	2	1	6	1	1	1200	1	0	0	2	2	6
14	2	26	1	1	7	4	6	64	4	0	0	4	1	7
14	4	37	1	2	8	2	1	3300	1	0	0	1	2	10
14	1	54	2	5	4	3	1	960	1	0	0	2	2	3
14	4	20	2	1	5	1	1	992	1	0	0	2	2	4
14	1	34	2	1	5	1	1	1200	1	0	0	2	2	4
14	2	26	2	2	5	1	6	972	4	0	0	4	2	4
14	1	22	2	1	5	1	1	2000	1	0	0	2	2	4
14	3	48	1	2	5	1	6	2100	4	0	0	4	2	4
14	2	24	2	2	6	1	1	1344	1	0	0	1	2	6
14	4	23	1	1	6	1	1	960	1	0	0	2	2	6
14	2	73	1	2	4	1	4	300	2	0	0	4	2	3
14	3	29	1	2	7	1	1	2520	1	0	0	2	2	8
14	3	47	1	2	5	1	3	1200	1	0	0	2	2	4
14	7	32	1	2	5	1	4	2760	2	0	0	4	2	4
14	3	42	1	2	4	1	3	1920	1	0	0	2	2	3
14	2	33	2	2	6	1	6	1200	4	0	0	4	2	6
14	2	71	2	5	2	6	6	100	4	0	0	4	2	1
14	3	19	1	1	5	1	2	80	1	0	0	2	1	4
14	2	65	1	2	3	1	4	400	2	0	0	4	2	2
14	5	65	2	5	5	1	6	999999	4	0	0	4	2	4
14	4	40	1	2	8	1	1	3240	1	0	0	1	2	10
14	3	54	1	2	4	1	1	999999	1	0	0	1	2	3
14	3	29	1	2	5	1	1	1824	1	0	0	2	2	4
14	7	56	2	5	3	1	4	1800	2	0	0	4	2	2
14	3	33	1	2	7	1	1	2040	1	0	0	2	2	8
14	4	46	2	2	5	1	1	1500	1	0	0	2	2	4
14	1	36	1	1	5	3	3	1800	1	0	0	2	2	4
14	4	40	1	2	5	1	3	1000	1	0	0	2	2	4
14	4	37	1	2	5	1	1	3960	1	0	0	2	2	4
14	5	38	2	2	5	1	5	0	3	0	0	4	2	4
14	3	53	1	2	5	1	4	3000	2	0	0	4	2	4
14	5	35	1	2	5	1	4	3010	2	0	0	4	2	4
14	2	59	1	2	5	1	4	720	2	0	0	4	2	4
14	4	22	2	1	6	1	6	564	4	0	0	4	1	6
14	4	43	1	2	6	1	4	3600	2	0	0	4	2	6
14	1	25	1	1	6	1	1	3060	1	0	0	1	2	6
14	5	38	1	2	5	1	1	3660	1	0	0	1	2	4
14	4	43	1	2	7	1	1	999999	1	0	0	1	2	8
14	2	65	1	2	3	1	4	700	2	0	0	4	2	2
14	2	28	1	2	7	4	1	1700	1	0	0	1	1	6
14	2	62	2	2	3	1	5	0	3	0	0	4	2	2
14	3	43	1	2	5	1	1	2580	1	0	0	1	2	4
14	2	64	1	2	5	1	4	2500	2	0	0	4	2	4
14	3	44	2	2	5	1	1	1020	1	0	0	2	2	4
14	3	30	1	2	6	1	1	4000	1	0	0	1	2	6
14	4	38	1	2	6	4	1	5000	1	0	0	2	2	5
14	1	33	1	1	7	1	1	2640	1	0	0	2	2	8
14	1	35	1	2	6	1	1	2460	1	0	0	2	2	6
14	3	39	1	2	6	1	1	3600	1	0	0	2	2	6
14	5	38	1	2	5	1	4	1550	2	0	0	4	2	4
14	3	44	2	4	3	1	2	720	1	0	0	2	2	2
14	2	63	2	2	3	1	4	600	2	0	0	4	2	2
14	5	37	1	2	5	1	4	2162	2	0	0	4	2	4
14	1	30	1	1	7	3	1	2448	1	0	0	2	2	7
14	4	48	2	2	5	1	4	1230	2	0	0	4	2	4
14	2	73	1	2	5	1	4	1000	2	0	0	4	2	4
14	2	70	1	2	3	3	4	300	2	0	0	4	2	2
14	6	57	1	2	5	1	1	3480	1	0	0	2	2	4
14	2	66	1	2	3	1	4	1320	2	0	0	4	2	2
14	1	41	2	4	5	1	1	1260	1	0	0	2	2	4
14	4	38	2	2	6	4	1	960	1	0	0	2	2	5
14	4	48	1	2	5	1	4	5000	2	0	0	4	2	4
14	4	58	1	2	5	1	4	800	2	0	0	4	2	4
14	5	42	1	2	7	1	4	1830	2	10	2	4	2	8
14	2	61	1	2	5	1	4	1500	2	0	0	4	2	4
14	4	46	2	2	4	1	4	780	2	0	0	4	2	3
14	2	53	1	2	3	1	1	1800	1	0	0	2	2	2
14	2	44	1	1	3	1	3	288	1	0	0	2	2	2
14	4	42	1	2	5	1	1	2460	1	0	0	1	2	4
14	2	69	1	2	5	1	4	1200	2	0	0	4	2	4
14	5	58	1	2	5	1	4	960	2	0	0	4	2	4
14	1	27	2	1	7	4	1	2200	1	0	0	2	2	7
14	2	57	1	2	3	1	4	1000	2	0	0	4	2	2
14	4	33	1	2	6	1	1	1860	1	0	0	2	2	6
14	5	68	2	5	3	1	1	1200	1	0	0	2	2	2
14	2	76	2	2	2	6	4	200	2	0	0	4	2	1
14	2	55	1	2	4	1	4	1200	2	0	0	4	2	3
14	4	42	1	2	4	1	1	1560	1	0	0	1	2	3
14	4	39	1	2	7	1	4	3660	2	0	0	4	2	8
14	2	36	1	1	5	1	1	2640	1	0	0	2	2	4
14	4	44	1	2	6	1	1	3700	1	0	0	2	2	6
14	3	32	1	2	7	1	1	3120	1	0	0	2	2	8
14	3	26	1	1	6	1	3	970	1	0	0	2	2	6
14	4	23	2	1	6	1	1	1956	1	0	0	1	2	6
14	1	28	2	1	5	1	6	1344	4	0	0	4	2	4
14	6	50	1	2	5	1	4	7000	2	0	0	4	2	4
14	4	45	2	2	5	1	2	1020	1	0	0	2	2	4
14	4	44	2	2	7	1	2	700	1	0	0	2	2	8
14	4	29	2	2	5	1	6	840	4	0	0	4	2	4
14	2	39	1	2	7	1	1	2820	1	0	0	1	2	8
14	6	48	1	2	4	1	4	1700	2	0	0	4	2	3
14	1	68	2	5	2	6	3	336	1	0	0	2	2	1
14	7	49	1	2	5	1	3	2016	1	0	0	2	2	4
14	5	17	1	1	5	4	6	80	4	0	0	4	2	4
14	2	59	1	2	5	1	4	4350	2	0	0	4	2	4
14	3	40	2	2	6	1	1	3768	1	0	0	1	2	6
14	3	38	1	2	5	1	1	3600	1	0	0	2	2	4
14	6	66	1	2	3	1	4	5100	2	0	0	4	2	2
14	3	51	1	2	4	1	4	500	2	0	0	4	2	3
14	3	35	1	2	7	1	1	45000	1	0	0	2	2	8
14	2	73	1	2	3	3	4	360	2	0	0	4	2	2
14	2	56	1	2	6	1	4	850	2	0	0	4	2	6
14	2	32	1	2	6	1	1	3360	1	0	0	1	2	6
14	2	57	2	5	4	1	4	420	2	0	0	4	2	3
14	1	24	2	1	5	1	1	1300	1	0	0	2	2	4
14	2	68	1	2	3	1	4	1200	2	0	0	4	2	2
14	5	48	1	2	5	1	3	2160	1	0	0	2	2	4
14	7	31	1	1	5	1	1	660	1	0	0	2	2	4
14	4	52	1	2	3	1	4	720	2	0	0	4	2	2
14	2	34	1	2	7	4	4	2786	2	0	0	4	2	7
14	2	79	1	2	3	3	4	500	2	0	0	4	2	2
14	2	27	1	2	6	1	1	1704	1	0	0	1	2	6
14	3	29	2	1	7	4	1	700	1	0	0	2	2	7
14	5	69	1	2	5	1	6	816	4	0	0	4	2	4
14	4	39	1	2	7	1	1	1820	1	0	0	2	2	8
14	4	36	2	2	6	1	1	3500	1	0	0	2	2	6
14	3	50	1	2	5	1	1	1210	1	0	0	2	2	4
14	2	31	2	1	7	1	6	1260	4	0	0	4	2	8
14	2	34	1	2	5	1	1	1836	1	0	0	2	2	4
14	4	56	1	2	5	1	1	624	1	0	0	2	2	4
14	3	57	2	5	3	1	4	1050	2	0	0	4	2	2
14	1	78	2	5	2	6	4	120	2	0	0	4	2	1
14	2	52	2	5	3	1	4	1800	2	0	0	4	2	2
14	3	38	2	2	7	1	1	1524	1	0	0	2	2	8
14	4	19	2	1	5	1	1	2400	1	0	0	1	2	4
14	2	71	1	2	3	1	4	800	2	0	0	4	2	2
14	2	41	1	1	4	1	4	3600	2	0	0	4	2	3
14	4	45	2	2	5	1	4	2000	2	0	0	4	2	4
14	4	39	1	2	6	1	1	3500	1	0	0	2	2	6
14	4	39	1	2	6	1	1	3660	1	0	0	2	2	6
14	1	58	1	4	3	1	4	1000	2	0	0	4	2	2
14	4	29	1	2	5	1	1	2316	1	0	0	2	2	4
14	3	25	2	1	6	1	6	1212	4	0	0	4	2	6
14	5	48	1	2	4	1	4	2060	2	0	0	4	2	3
14	4	43	1	2	5	1	1	1440	1	0	0	2	2	4
14	4	44	1	2	5	1	4	3060	2	0	0	4	2	4
14	3	40	1	2	8	1	1	2496	1	0	0	2	2	10
14	4	45	2	2	7	1	1	4992	1	0	0	1	2	8
14	5	43	1	2	6	1	4	1680	2	0	0	4	2	6
14	4	54	1	2	7	1	1	7200	1	0	0	1	2	8
14	4	35	1	2	6	1	4	1400	2	0	0	4	2	6
14	2	46	1	4	6	3	1	3048	1	0	0	1	2	5
14	1	45	1	1	5	1	3	1740	1	0	0	2	1	4
14	4	44	1	2	7	1	1	5000	1	0	0	1	2	8
14	4	53	1	3	4	1	1	1200	1	0	0	1	2	3
14	5	44	1	2	5	1	3	1620	1	0	0	2	2	4
14	4	67	1	2	4	1	4	1210	2	0	0	4	2	3
14	4	45	2	2	4	1	1	2064	1	0	0	1	2	3
14	2	70	1	2	6	3	4	50	2	0	0	4	2	5
14	5	44	2	2	5	1	1	1500	1	0	0	2	2	4
14	3	49	2	4	5	1	1	2400	1	0	0	2	2	4
14	4	33	1	2	6	1	4	1010	2	0	0	4	2	6
14	5	48	1	2	5	1	1	1680	1	0	0	2	2	4
14	2	77	1	2	2	6	4	360	2	0	0	4	2	1
14	2	74	1	2	5	1	4	400	2	0	0	4	2	4
14	3	26	2	1	5	1	1	1092	1	0	0	2	2	4
14	2	72	1	2	3	1	4	600	2	0	0	4	2	2
14	4	67	1	2	5	1	4	996	2	0	0	4	2	4
14	1	29	2	1	6	3	6	1450	4	0	0	4	2	5
14	5	46	1	2	5	1	1	1124	1	0	0	2	2	4
14	2	59	1	2	7	1	6	2424	4	0	0	4	2	8
14	4	32	1	2	6	1	1	2885	1	0	0	1	2	6
14	3	53	2	2	3	1	4	600	2	0	0	4	2	2
14	4	42	2	2	4	1	2	770	1	0	0	2	2	3
14	1	68	2	5	5	1	4	696	2	0	0	4	2	4
14	5	51	1	2	4	1	4	999999	2	0	0	4	2	3
14	6	20	2	1	6	4	6	1440	4	0	0	4	2	5
14	4	36	1	2	5	1	1	5000	1	0	0	1	2	4
14	4	54	1	2	4	1	6	1812	4	0	0	4	2	3
14	2	67	2	5	3	1	4	999999	2	0	0	4	2	2
14	4	48	1	2	5	1	1	2520	1	0	0	1	2	4
14	3	29	2	2	6	1	2	912	1	0	0	1	2	6
14	2	70	2	2	2	6	4	400	2	0	0	4	2	1
14	4	25	1	1	6	1	1	300	1	0	0	2	2	6
14	4	33	2	2	5	1	1	1740	1	0	0	2	2	4
14	4	47	1	2	4	1	4	1042	2	0	0	4	2	3
14	4	42	1	2	7	1	1	3720	1	0	0	2	2	8
14	1	35	1	1	6	1	1	2400	1	0	0	2	2	6
14	4	44	2	2	5	1	1	960	1	0	0	2	2	4
14	3	35	1	2	6	1	2	2364	1	0	0	1	1	6
14	4	39	2	2	7	1	1	3600	1	0	0	1	2	8
14	2	55	1	2	5	1	4	1810	2	0	0	4	2	4
14	2	74	2	2	2	6	5	0	3	0	0	4	2	1
14	2	33	1	2	7	1	1	3000	1	0	0	2	2	8
14	4	36	1	2	6	1	1	3682	1	0	0	2	1	6
14	5	41	2	2	5	1	4	960	2	0	0	4	2	4
14	1	27	1	1	6	3	1	1020	1	0	0	2	2	5
14	3	63	1	2	5	1	4	1320	2	0	0	4	2	4
14	5	42	1	2	5	1	4	3030	2	0	0	4	2	4
14	1	65	2	5	2	6	6	868	4	0	0	4	2	1
14	4	47	1	2	6	3	1	600	1	0	0	1	2	5
15	2	71	1	2	7	1	4	1260	2	0	0	4	2	8
15	4	39	1	2	4	1	2	1940	1	0	0	2	2	3
15	4	53	1	2	4	1	2	1500	1	0	0	2	2	3
15	4	26	1	1	6	3	1	1440	1	0	0	2	2	5
15	3	46	1	2	8	4	1	2880	1	0	0	2	2	9
15	4	41	1	2	5	1	1	2700	1	0	0	2	2	4
15	2	60	1	2	3	1	4	240	2	0	0	4	2	2
15	3	60	1	2	8	1	1	6360	1	0	0	1	2	10
15	4	35	2	2	5	1	1	1080	1	0	0	2	2	4
15	4	39	1	2	6	1	1	2100	1	0	0	3	2	6
15	4	38	2	2	5	1	2	1488	1	0	0	2	2	4
15	2	52	1	4	4	1	4	1200	2	0	0	4	2	3
15	3	57	1	2	3	1	2	2112	1	0	0	2	2	2
15	4	37	1	2	6	4	4	2450	2	0	0	4	2	5
15	4	30	1	1	7	1	1	3336	1	0	0	2	2	8
15	2	64	1	2	4	1	4	600	2	0	0	4	2	3
15	2	32	1	2	6	1	1	4656	1	0	0	1	2	6
15	3	40	2	2	6	1	1	1500	1	0	0	2	2	6
15	4	53	2	2	4	1	4	300	2	0	0	4	2	3
15	9	38	1	2	8	1	4	3700	2	0	0	4	2	10
15	2	35	1	2	6	1	1	3360	1	0	0	1	2	6
15	3	52	2	2	3	1	4	600	2	0	0	4	2	2
15	7	70	1	2	3	3	4	5000	2	0	0	4	2	2
15	1	33	1	1	5	1	1	2820	1	0	0	1	2	4
15	4	42	1	2	6	1	1	570	1	0	0	3	2	6
15	3	56	1	4	7	1	2	300	1	0	0	2	2	8
15	4	37	1	2	7	1	1	4200	1	0	0	2	2	8
15	1	35	1	1	5	1	1	1824	1	0	0	2	2	4
15	2	39	1	2	5	1	1	1824	1	0	0	2	2	4
15	6	38	1	2	7	1	4	2500	2	0	0	4	2	8
15	4	55	1	2	3	1	3	1800	1	0	0	2	2	2
15	4	54	1	2	4	1	1	1000	1	0	0	2	2	3
15	4	41	1	2	7	1	4	3180	2	0	0	4	2	8
15	3	30	1	1	7	1	1	2150	1	0	0	1	2	8
15	3	29	1	2	7	1	1	4300	1	0	0	1	2	8
15	4	47	1	2	5	1	1	5100	1	0	0	1	2	4
15	7	53	1	2	5	1	1	3060	1	0	0	2	2	4
15	2	56	2	2	4	1	4	1210	2	0	0	4	2	3
15	3	57	2	2	4	1	6	960	4	0	0	4	2	3
15	1	30	1	1	7	1	1	2600	1	0	0	2	2	8
15	4	24	2	1	6	1	1	1212	1	0	0	2	2	6
15	2	63	1	2	4	1	1	840	1	0	0	2	2	3
15	5	49	1	2	4	1	3	1410	1	0	0	2	2	3
15	4	42	1	2	5	1	4	3600	2	0	0	4	2	4
15	2	46	2	2	5	1	1	1800	1	0	0	2	2	4
15	3	36	2	2	5	1	6	910	4	0	0	4	2	4
15	7	38	2	2	5	1	1	1020	1	0	0	2	2	4
15	5	36	1	1	5	1	4	2500	2	0	0	4	2	4
15	1	68	2	5	2	6	2	120	1	0	0	2	2	1
15	4	37	1	2	5	1	1	1440	1	0	0	2	2	4
15	2	57	1	2	5	1	1	2140	1	0	0	2	2	4
15	4	28	2	1	7	1	1	1440	1	0	0	2	2	8
15	3	49	2	5	5	1	3	960	1	0	0	2	2	4
15	3	32	2	1	6	1	1	960	1	0	0	2	2	6
15	3	48	1	2	5	3	1	4500	1	0	0	1	2	4
15	1	36	1	1	5	1	4	1800	2	0	0	4	2	4
15	3	29	1	1	4	3	3	1200	1	0	0	2	2	3
15	1	43	1	1	3	1	1	1620	1	0	0	2	2	2
15	2	26	2	2	7	1	6	2040	4	0	0	4	2	8
15	4	32	1	1	8	1	1	3500	1	0	0	1	2	10
15	4	52	1	2	3	1	1	2688	1	0	0	2	2	2
15	1	72	2	5	2	6	3	600	1	0	0	2	2	1
15	4	44	1	2	5	1	1	3000	1	0	0	2	2	4
15	4	55	1	2	5	1	4	1900	2	0	0	4	2	4
15	3	57	1	2	6	1	4	6200	2	0	0	4	2	6
15	3	49	1	5	5	1	1	3120	1	0	0	2	2	4
15	3	30	2	2	7	1	6	1040	4	0	0	4	2	8
15	2	75	1	2	7	1	6	730	4	0	0	4	2	8
15	4	21	2	1	7	4	6	120	4	0	0	4	2	6
15	4	51	1	2	5	1	1	2076	1	0	0	2	2	4
15	4	32	1	2	5	1	1	5100	1	0	0	1	2	4
15	4	45	1	2	4	1	6	1800	4	0	0	4	2	3
15	4	41	1	2	8	1	1	5040	1	0	0	2	2	10
15	4	35	2	2	7	1	4	7600	2	0	0	4	2	8
15	4	59	1	2	5	1	4	1250	2	0	0	4	2	4
15	3	53	1	2	5	1	3	2400	1	0	0	2	2	4
15	4	37	2	2	7	1	2	1560	1	0	0	2	2	8
15	4	36	2	2	7	1	4	1250	2	0	0	4	2	8
15	4	41	1	2	7	1	1	5232	1	0	0	1	2	8
15	3	60	1	2	3	1	3	700	1	0	0	2	2	2
15	4	52	1	2	5	1	4	3660	2	0	0	4	2	4
15	4	47	2	2	5	1	1	840	1	0	0	2	2	4
15	5	28	1	1	6	1	6	1800	4	0	0	4	2	6
15	3	29	2	2	5	1	1	960	1	0	0	2	2	4
15	5	33	2	1	6	1	4	1212	2	0	0	4	2	6
15	4	29	1	1	6	1	1	1800	1	0	0	2	2	6
15	4	39	1	2	7	1	1	1076	1	0	0	1	2	8
15	4	38	1	2	5	1	1	3864	1	0	0	2	2	4
15	5	27	2	1	6	1	1	876	1	0	0	2	2	6
15	2	38	1	1	5	3	4	2500	2	0	0	4	2	4
15	3	34	1	2	6	1	1	2568	1	0	0	2	2	6
15	4	41	1	2	8	1	1	4440	1	0	0	1	2	10
15	5	47	1	2	3	1	1	1800	1	0	0	2	2	2
15	3	65	2	5	3	3	4	480	2	0	0	4	2	2
15	1	60	2	5	3	1	4	600	2	0	0	4	2	2
15	2	72	1	2	5	1	4	600	2	0	0	4	2	4
15	5	46	1	2	6	1	4	1900	2	0	0	4	2	6
15	3	31	1	2	7	1	1	3840	1	0	0	2	2	8
15	3	40	1	2	5	1	1	3260	1	0	0	2	2	4
15	2	81	1	2	5	1	4	300	2	0	0	4	2	4
15	3	39	1	2	5	1	1	3200	2	0	0	2	1	4
15	2	36	1	2	6	1	4	1830	2	0	0	4	2	6
15	1	38	1	4	5	1	4	2750	2	0	0	4	2	4
15	2	26	2	2	4	1	1	876	1	0	0	2	2	3
15	4	38	2	2	7	1	3	1200	1	0	0	2	2	8
15	3	34	1	2	5	1	1	2730	1	0	0	2	2	4
15	3	29	2	2	5	1	6	840	4	0	0	4	2	4
15	1	40	1	1	6	1	4	3700	2	0	0	4	2	6
15	4	23	1	1	5	1	1	1824	1	0	0	2	2	4
15	3	40	2	2	6	1	4	1200	2	0	0	4	2	6
15	4	54	1	2	4	1	4	2160	2	0	0	4	2	3
15	4	35	2	2	5	1	6	90	4	0	0	4	2	4
15	3	25	1	2	5	1	1	1308	1	0	0	2	2	4
15	3	59	1	2	3	1	4	1250	2	0	0	4	2	2
15	2	57	2	2	5	1	1	1800	1	0	0	2	2	4
15	3	28	2	2	7	1	6	1317	4	0	0	4	2	8
15	2	23	2	1	7	1	1	1512	1	0	0	2	2	8
15	2	33	1	2	7	1	1	4392	1	5	10	2	1	8
15	5	43	2	2	4	1	4	1250	2	0	0	4	2	3
15	3	43	1	2	6	1	1	3360	1	0	0	2	2	6
15	3	38	1	1	4	1	1	2364	1	0	0	2	2	3
15	5	45	2	2	6	1	1	3060	1	0	0	2	2	6
15	2	39	2	2	5	1	1	1800	1	0	0	2	2	4
15	5	36	1	2	6	1	1	3420	1	0	0	2	2	6
15	3	27	2	2	5	1	1	1536	1	0	0	1	2	4
15	4	36	1	2	5	1	1	1560	1	0	0	1	2	4
15	4	25	1	1	7	4	6	40	4	0	0	4	2	6
15	4	26	1	1	7	4	2	1040	1	0	0	2	2	7
15	3	24	2	1	6	1	1	1080	1	0	0	2	2	6
15	4	24	2	1	5	1	1	1344	1	0	0	2	2	4
15	4	59	2	2	3	3	4	840	2	0	0	4	2	2
15	5	49	1	2	5	1	1	2160	1	0	0	2	2	4
15	5	60	1	2	5	1	4	4920	2	0	0	4	2	4
15	4	44	1	2	5	1	1	4440	1	0	0	1	2	4
15	4	28	2	1	7	1	1	3180	1	2	3	2	2	8
15	7	41	1	2	5	1	1	3120	1	0	0	1	2	4
15	4	57	2	2	3	1	6	1260	4	0	0	4	2	2
15	2	69	1	2	5	1	4	1800	2	0	0	4	2	4
15	1	25	2	1	5	1	6	1120	4	0	0	4	2	4
15	2	71	1	2	3	1	3	2784	1	0	0	2	2	2
15	1	78	2	5	2	6	4	240	2	0	0	4	2	1
15	4	48	1	2	5	1	1	4560	1	0	0	1	2	4
15	4	52	1	2	5	1	4	3000	2	0	0	4	2	4
15	4	46	1	2	5	1	4	3300	2	0	0	4	2	4
15	4	54	1	2	5	1	6	600	4	0	0	4	2	4
15	4	26	1	1	6	1	1	2400	1	0	0	2	2	6
15	5	39	1	2	6	1	1	4920	1	0	0	1	2	6
15	2	34	1	1	6	1	4	2100	2	0	0	4	2	6
15	3	34	1	2	6	1	1	3780	1	0	0	1	2	6
15	4	46	1	2	5	1	1	2450	1	0	0	2	2	4
15	1	67	2	5	2	6	2	600	1	0	0	2	2	1
15	3	28	1	2	5	1	1	2520	1	0	0	2	2	4
15	4	33	1	2	5	1	1	2496	1	0	0	2	2	4
15	2	68	1	2	5	1	4	1800	2	0	0	4	2	4
15	3	55	2	2	5	1	6	3180	4	0	0	4	2	4
15	3	30	1	2	7	1	2	1960	1	0	0	2	2	8
15	5	30	2	2	5	1	6	120	4	0	0	4	2	4
15	4	27	2	1	5	1	1	1320	1	0	0	2	2	4
15	7	46	1	2	5	1	4	2400	2	0	0	4	2	4
15	7	29	1	1	5	1	1	1500	1	0	0	2	2	4
15	5	46	2	2	3	1	6	960	4	0	0	4	2	2
15	4	48	2	5	4	1	1	981	1	0	0	2	2	3
15	4	42	2	2	7	1	4	720	2	0	0	4	2	8
15	3	36	1	2	5	1	1	3000	1	0	0	2	2	4
15	3	56	1	2	5	1	4	3650	2	0	0	4	2	4
15	3	68	1	2	5	1	4	600	2	0	0	4	2	4
15	5	48	1	2	7	1	1	3000	1	0	0	2	2	8
15	4	36	1	2	5	1	1	3600	1	0	0	2	2	4
15	5	22	2	1	6	1	1	1032	1	0	0	2	2	6
15	4	44	2	2	3	1	1	600	1	0	0	2	2	2
15	3	25	2	2	6	1	6	637	4	0	0	4	2	6
15	4	57	1	2	4	1	3	1507	1	0	0	2	2	3
15	4	39	2	2	5	1	2	960	1	0	0	2	2	4
15	3	52	2	4	3	1	6	1560	4	0	0	4	2	2
15	3	21	2	2	6	1	6	840	4	0	0	4	2	6
15	4	31	1	2	6	1	4	2500	2	0	0	4	2	6
15	4	27	2	1	4	1	1	1092	1	0	0	2	2	3
15	3	37	1	2	6	1	1	4140	1	0	0	1	2	6
15	4	32	2	2	7	1	1	2745	1	0	0	1	2	8
15	4	38	1	2	5	1	4	6120	2	0	0	4	2	4
15	5	46	1	2	5	1	3	1600	1	0	0	2	2	4
15	1	37	1	1	6	1	1	2520	1	0	0	2	2	6
15	4	40	1	2	4	1	4	2400	2	0	0	4	2	3
15	4	36	2	2	5	1	1	1044	1	0	0	2	2	4
15	3	34	1	2	5	1	1	1632	1	0	0	2	2	4
15	4	42	1	2	5	1	4	4380	2	0	0	4	2	4
15	4	55	1	2	5	1	4	4850	2	0	0	4	2	4
15	3	33	2	2	5	1	1	1660	1	0	0	2	2	4
15	4	38	1	2	5	1	1	1680	1	0	0	2	2	4
15	4	45	2	2	5	1	4	2600	2	0	0	4	2	4
15	1	69	1	5	4	3	4	1800	2	0	0	4	2	3
15	2	82	1	2	3	1	4	360	2	0	0	4	2	2
15	5	28	1	1	6	1	1	1460	1	0	0	1	2	6
15	5	58	2	2	4	1	1	840	1	0	0	2	2	3
15	3	32	2	2	6	1	2	2578	1	0	0	1	2	6
15	5	39	2	2	5	1	1	1140	1	0	0	2	2	4
15	1	36	1	1	5	1	1	1686	1	0	0	3	2	4
15	2	31	1	1	5	1	1	1560	1	0	0	2	2	4
15	9	42	1	2	8	1	4	3050	2	0	0	4	2	10
15	4	36	2	2	7	1	1	3180	1	0	0	2	2	8
15	4	56	1	2	4	1	3	960	1	0	0	2	2	3
15	4	36	1	2	7	1	1	3000	1	0	0	1	2	8
15	4	50	1	2	3	1	4	1800	2	0	0	4	2	2
15	3	27	1	1	5	1	6	1224	4	0	0	4	2	4
15	5	42	2	2	5	1	1	1080	1	0	0	2	2	4
15	5	55	1	2	4	1	3	960	1	0	0	2	2	3
15	2	67	2	2	2	6	3	600	1	0	0	2	2	1
15	2	42	1	4	7	1	1	4380	1	0	0	1	2	8
15	1	35	1	1	4	1	1	1620	1	0	0	2	2	3
15	4	46	2	2	5	1	4	830	2	0	0	4	2	4
15	4	40	1	2	7	1	1	1656	1	0	0	2	2	8
15	4	57	2	5	5	1	4	1200	2	0	0	4	2	4
15	3	28	1	2	6	1	1	2496	1	0	0	2	2	6
15	3	55	1	2	5	1	1	5112	1	0	0	1	2	4
15	4	45	2	2	3	1	4	1320	2	0	0	4	2	2
15	3	28	1	1	7	1	2	1884	1	0	0	2	2	8
15	3	27	1	2	8	4	1	1440	1	0	0	2	2	9
15	2	35	1	2	5	3	3	3760	1	0	0	2	2	4
15	1	76	2	5	2	6	4	240	2	0	0	4	2	1
15	5	36	1	1	5	1	6	300	4	0	0	4	2	4
15	3	44	2	2	6	1	2	804	1	0	0	2	2	6
15	3	59	1	2	3	1	4	4800	2	0	0	4	2	2
15	4	49	1	2	9	1	1	8600	1	0	0	1	2	10
15	4	37	1	2	7	1	1	3360	1	0	0	2	2	8
15	4	32	2	1	6	1	1	1560	1	0	0	2	2	6
15	2	51	2	2	3	1	4	980	2	0	0	4	2	2
15	3	47	2	2	7	1	4	1920	2	0	0	4	2	8
15	5	56	2	2	4	1	4	2450	2	0	0	4	2	3
15	4	27	2	1	7	1	6	800	4	0	0	4	2	8
15	4	52	1	2	8	3	1	6300	1	0	0	1	2	9
15	4	53	1	2	5	1	1	2280	1	0	0	1	2	4
15	1	58	1	4	4	1	6	427	4	0	0	4	2	3
15	1	57	2	5	4	1	4	3800	2	0	0	4	2	3
15	2	30	2	1	7	1	4	1872	2	0	0	4	2	8
15	3	55	2	4	3	1	2	657	1	0	0	2	2	2
15	5	67	2	5	3	1	4	550	2	0	0	4	2	2
15	4	51	2	2	5	1	4	720	2	0	0	4	2	4
15	3	30	1	1	6	1	1	2280	1	0	0	2	2	6
15	4	46	1	2	5	1	1	2520	1	0	0	2	2	4
15	5	29	2	1	6	1	1	1560	1	0	0	2	2	6
15	4	38	1	2	7	1	1	4200	1	0	0	1	2	8
15	3	51	1	2	4	1	1	4164	1	0	0	2	2	3
15	4	41	1	2	7	1	1	2640	1	0	0	1	2	8
15	4	49	1	2	6	1	4	2450	2	0	0	4	2	6
15	3	59	1	2	4	1	6	3240	4	0	0	4	2	3
15	4	38	1	2	6	1	1	2136	1	0	0	2	2	6
15	5	52	2	2	4	1	6	405	4	0	0	4	2	3
15	3	35	1	2	7	1	1	2400	1	0	0	1	2	8
15	3	45	1	2	5	1	1	3840	1	0	0	2	2	4
15	3	28	1	2	6	1	1	1644	1	0	0	2	2	6
15	5	53	2	2	3	1	1	80	1	0	0	2	2	2
15	4	40	2	2	4	1	4	2550	2	0	0	4	2	3
15	4	47	1	2	5	1	1	2112	1	0	0	1	2	4
15	3	47	1	2	5	1	3	1800	1	0	0	2	2	4
15	4	36	1	2	5	1	2	1200	1	0	0	2	2	4
15	1	36	1	1	8	3	1	2200	1	0	0	1	2	9
15	1	28	1	1	7	1	1	4400	1	3	0	2	2	8
15	3	27	1	1	5	1	1	1536	1	0	0	2	2	4
15	3	32	1	2	5	1	1	3636	1	0	0	2	2	4
15	3	30	1	1	6	1	6	1200	4	0	0	4	2	6
15	3	28	2	2	7	1	1	3780	1	0	0	2	2	8
15	5	27	1	1	6	1	6	400	4	0	0	4	2	6
15	3	58	2	2	3	1	5	0	3	0	0	4	2	2
15	4	32	2	2	5	1	1	1260	1	0	0	2	2	4
15	4	40	1	2	6	1	1	2400	1	0	0	2	2	6
15	5	23	1	1	7	5	2	330	1	0	0	1	2	7
15	4	19	2	1	5	1	1	266	1	0	0	3	2	4
15	3	59	1	2	4	1	1	1992	1	0	0	2	2	3
15	5	48	1	2	5	1	3	1440	1	0	0	2	2	4
15	4	58	1	2	5	1	1	3504	1	0	0	1	2	4
15	4	43	1	2	7	1	1	3000	1	0	0	2	2	8
15	5	42	1	2	5	1	4	1800	2	0	0	4	2	4
15	4	35	1	2	7	1	1	3240	1	0	0	2	2	8
15	2	55	2	5	4	1	4	720	2	0	0	4	2	3
15	4	64	1	2	4	3	3	1200	1	0	0	2	2	3
15	2	31	1	2	7	1	1	2544	1	0	0	2	2	8
15	2	66	1	2	3	3	4	600	2	0	0	4	2	2
15	4	41	1	2	5	1	4	5000	2	0	0	4	2	4
15	4	36	1	2	7	1	1	3120	1	0	0	2	2	8
15	4	36	2	2	5	1	1	1170	1	0	0	2	2	4
15	3	45	2	2	4	1	4	960	2	0	0	4	2	3
15	3	39	1	2	5	1	4	618	2	0	0	4	2	4
15	5	44	2	2	5	1	4	470	2	0	0	4	2	4
15	4	50	1	2	3	1	1	2580	1	0	0	2	2	2
15	2	29	1	2	7	1	1	4020	1	0	0	1	2	8
15	4	33	2	2	5	1	2	1680	1	0	0	2	2	4
15	4	23	2	1	6	4	1	1440	1	0	0	2	2	5
15	3	33	2	2	5	1	6	1010	4	0	0	4	2	4
15	2	36	1	1	5	1	3	1680	1	0	0	2	2	4
15	4	39	1	2	5	1	3	1920	1	0	0	2	2	4
15	3	27	1	2	6	1	1	1920	1	0	0	2	2	6
15	4	30	1	2	5	1	3	2200	1	0	0	2	2	4
15	7	56	1	5	4	1	4	2500	2	0	0	4	2	3
15	1	54	1	4	3	1	4	1500	2	0	0	4	2	2
15	1	76	2	5	2	6	4	100	2	0	0	4	2	1
15	2	73	1	2	3	1	4	1200	2	0	0	4	2	2
15	4	34	1	2	5	1	1	2520	1	0	0	2	2	4
15	3	35	2	2	5	1	4	3740	2	0	0	4	2	4
15	1	71	2	5	4	1	6	72	4	0	0	4	2	3
15	4	43	1	2	5	1	4	3780	2	0	0	4	2	4
15	4	35	1	2	5	1	4	4900	2	0	0	4	2	4
15	3	58	2	2	4	1	4	1860	2	0	0	4	2	3
15	5	46	2	2	4	1	1	105	1	0	0	2	2	3
15	4	29	1	1	5	1	4	3120	2	0	0	4	2	4
15	3	30	1	2	6	1	1	2004	1	0	0	2	2	6
15	3	27	2	2	7	4	1	1470	1	0	0	2	2	8
15	4	35	2	2	8	4	1	3348	1	0	0	1	2	9
15	7	27	1	1	6	1	2	1584	1	0	0	1	2	6
15	2	56	1	2	5	1	3	875	1	0	0	2	2	4
15	6	45	1	2	5	1	1	4500	1	0	0	2	2	4
15	3	39	1	1	5	1	1	2400	1	0	0	2	2	4
15	2	34	2	2	7	1	6	162	4	0	0	4	2	8
15	1	41	2	1	4	1	2	840	1	0	0	2	2	3
15	3	25	2	1	5	1	1	810	1	0	0	2	2	4
15	5	47	1	2	5	1	4	2500	2	0	0	4	2	4
15	1	27	2	1	4	1	6	560	4	0	0	4	2	3
15	3	24	1	1	6	1	1	1248	1	0	0	2	2	6
15	5	45	2	2	5	1	4	5500	2	0	0	4	2	4
15	4	33	1	1	7	1	4	600	2	0	0	4	2	8
15	4	33	2	2	6	1	1	1524	1	0	0	2	2	6
15	3	55	2	2	4	1	1	1080	1	0	0	1	2	3
15	4	34	2	2	6	1	1	2520	1	0	0	2	2	6
15	2	59	1	2	7	1	1	5280	1	0	0	2	2	8
15	3	31	2	2	6	1	1	2400	1	0	0	2	2	6
15	4	49	2	2	3	1	3	960	1	0	0	2	2	2
15	4	44	1	2	4	3	3	3000	1	0	0	2	2	3
15	3	31	1	2	5	1	1	3120	1	0	0	1	2	4
15	3	60	1	2	5	1	1	960	1	0	0	2	2	4
15	4	28	1	1	6	1	1	3000	1	0	0	1	2	6
15	4	41	2	2	5	1	1	1320	1	0	0	2	2	4
15	2	58	2	2	3	1	3	720	1	0	0	2	2	2
15	1	31	2	1	7	1	1	2916	1	0	0	2	2	8
15	4	43	1	2	7	1	1	3936	1	0	0	1	2	8
15	7	53	1	2	4	1	4	1800	2	0	0	4	2	3
15	3	27	2	2	6	1	6	1344	4	0	0	4	2	6
15	4	42	2	2	4	1	1	1260	1	0	0	2	2	3
15	4	37	1	2	6	1	1	4440	1	0	0	2	2	6
15	2	28	1	2	6	3	1	2100	1	0	0	2	2	5
15	2	65	2	5	3	1	4	360	2	0	0	4	2	2
15	4	39	1	2	8	1	4	9036	2	0	0	4	2	10
15	4	36	1	2	5	1	1	4992	1	0	0	1	2	4
15	3	73	2	5	2	6	4	1080	2	0	0	4	2	1
15	7	28	1	1	6	1	1	1728	1	0	0	1	2	6
15	5	41	1	2	5	1	1	5400	1	0	0	1	2	4
15	1	30	1	1	7	1	1	3400	1	1	3	2	2	8
15	1	48	1	2	5	3	3	900	1	0	0	2	2	4
15	4	34	1	2	6	1	1	2400	1	0	0	2	2	6
15	2	55	2	3	7	1	4	3700	2	0	0	4	2	8
15	4	35	1	2	5	1	1	1660	1	0	0	2	2	4
15	5	29	1	1	6	1	3	400	1	0	0	2	2	6
15	4	39	2	2	7	1	1	3624	1	0	0	1	2	8
15	3	43	1	2	6	1	1	3000	1	0	0	2	2	6
15	3	37	1	1	6	1	1	1476	1	0	0	2	2	6
15	4	58	1	2	5	1	3	2400	1	0	0	2	2	4
15	1	31	1	1	5	1	1	1500	1	0	0	2	2	4
15	2	44	2	5	5	1	4	1800	2	0	0	4	2	4
15	1	29	1	1	8	1	1	300	1	0	0	2	2	10
15	4	37	1	2	7	1	1	3720	1	0	0	2	2	8
15	4	34	1	2	5	1	1	3100	1	0	0	2	2	4
15	5	55	2	2	5	1	1	4000	1	0	0	1	2	4
15	3	35	2	2	5	1	6	1200	4	0	0	4	2	4
15	4	38	1	2	5	1	3	2460	1	0	0	2	2	4
15	4	42	1	2	7	1	1	1300	1	0	0	2	2	8
15	5	52	1	2	7	1	1	6360	1	0	0	1	2	8
15	4	24	2	1	6	1	1	1740	1	0	0	2	2	6
15	4	33	1	2	7	1	1	2310	1	0	0	2	2	8
15	5	60	1	2	5	1	4	1800	2	0	0	4	2	4
15	5	26	1	1	5	1	6	924	4	0	0	4	2	4
15	3	33	1	2	7	1	1	2760	1	0	0	2	2	8
15	3	46	1	2	7	1	4	7300	2	0	0	4	2	8
15	2	44	1	2	7	1	1	3684	1	0	0	2	2	8
15	3	39	1	2	6	1	6	1200	4	0	0	4	2	6
15	4	49	2	2	4	1	1	1080	1	0	0	2	2	3
15	4	44	1	2	6	1	1	3000	1	0	0	2	2	6
15	4	35	2	2	7	1	1	1476	1	0	0	1	2	8
15	5	47	2	2	4	1	1	972	1	0	0	2	2	3
15	2	30	1	1	5	1	1	2580	1	0	0	2	2	4
15	3	53	2	2	5	1	1	1716	1	0	0	2	2	4
15	5	46	1	2	4	1	1	1860	1	0	0	1	2	3
15	4	50	2	2	4	1	1	1212	1	0	0	2	2	3
15	4	38	2	2	4	3	1	792	1	0	0	2	2	3
15	2	69	2	2	2	6	4	480	2	0	0	4	2	1
15	5	48	1	2	8	2	1	4440	1	0	0	1	2	10
15	3	33	1	2	6	1	1	2400	1	0	0	2	2	6
15	4	48	1	2	5	1	4	3050	2	0	0	4	2	4
15	3	28	2	1	6	1	1	1080	1	0	0	2	2	6
15	1	48	1	4	5	1	1	2340	1	0	0	2	2	4
15	4	43	1	2	7	1	4	1850	2	0	0	4	2	8
15	3	46	1	2	5	1	4	2500	2	0	0	4	2	4
15	4	45	1	2	4	1	4	2400	2	0	0	4	2	3
15	1	41	1	1	7	1	2	650	1	0	0	2	2	8
15	3	40	1	4	8	1	4	4440	2	0	0	4	2	10
15	3	60	1	2	8	1	1	1608	1	0	0	2	2	10
15	4	50	1	2	5	1	1	2040	1	0	0	2	2	4
15	4	51	1	2	5	1	1	4992	1	0	0	2	2	4
15	4	46	1	2	6	1	1	2820	1	0	0	2	2	6
15	4	57	1	2	7	1	4	4300	2	0	0	4	2	8
15	2	60	1	2	5	1	1	3120	1	0	0	2	2	4
15	1	31	1	1	6	1	2	1992	1	0	0	1	2	6
15	4	20	2	1	7	5	6	80	4	0	0	4	2	6
15	4	53	1	2	5	1	1	2184	1	0	0	2	2	4
15	3	38	1	2	6	1	3	1680	1	0	0	2	2	6
15	2	30	2	2	8	1	6	350	4	0	0	4	1	10
15	1	54	2	4	3	1	6	630	4	0	0	4	2	2
15	4	56	2	2	7	1	1	1680	1	0	0	2	2	8
15	1	30	2	1	8	5	1	2964	1	0	0	2	2	9
15	4	56	1	2	5	1	4	4700	2	0	0	4	2	4
15	4	38	2	2	5	1	1	750	1	0	0	1	2	4
15	4	36	1	2	5	1	1	4060	1	0	0	2	2	4
15	4	44	1	2	5	1	4	3100	2	0	0	4	2	4
15	5	20	2	1	7	4	2	336	1	0	0	2	2	5
15	4	37	1	2	5	3	4	2450	2	0	0	4	2	4
15	3	44	2	2	5	1	1	960	1	0	0	2	2	4
15	4	52	1	2	4	1	2	1920	1	0	0	2	2	3
15	4	42	1	2	7	1	4	5000	2	0	0	4	2	8
15	4	55	2	2	3	1	1	1200	1	0	0	2	2	2
15	3	54	1	2	5	1	3	960	1	0	0	2	2	4
15	4	31	2	2	6	1	4	1800	2	0	0	4	2	6
15	5	43	1	2	6	1	4	2300	2	0	0	4	2	6
15	1	50	2	4	4	1	6	1200	4	0	0	4	2	3
15	4	51	1	2	5	1	4	3000	2	0	0	4	2	4
15	3	28	2	2	6	1	1	1848	1	0	0	2	2	6
15	3	39	1	2	5	1	1	3396	1	0	0	2	2	4
15	4	31	2	2	5	1	1	1680	1	0	0	2	2	4
15	3	59	1	2	4	1	4	2400	2	0	0	4	2	3
15	4	27	2	1	7	1	1	1896	1	0	0	1	2	8
15	4	54	2	2	4	1	5	0	3	0	0	4	2	3
15	4	23	2	1	6	1	1	1560	1	0	0	2	2	6
15	4	47	2	2	5	1	1	8600	2	0	0	4	2	4
15	4	21	2	1	6	4	6	25	4	5	0	4	2	5
15	4	34	1	2	5	1	1	3084	1	0	0	1	2	4
15	4	47	1	2	3	1	1	2208	1	0	0	1	2	2
