4	2	58	2	2	8	2	1	3600	1	4	0	1	2	10
4	4	51	1	2	6	3	1	3900	1	0	0	1	2	5
4	3	39	1	2	6	1	1	3768	1	0	0	2	2	6
4	5	53	1	2	5	1	4	2000	2	0	0	4	2	4
4	4	55	1	2	5	1	1	5280	1	3	5	2	2	4
4	1	31	1	1	7	1	1	3120	1	0	0	2	2	8
4	3	55	1	2	3	1	4	2000	2	0	0	4	2	2
4	4	52	1	2	5	1	1	2100	1	0	0	2	2	4
4	1	45	1	1	6	1	1	2700	1	0	0	1	2	6
4	4	40	1	2	5	1	6	2800	4	0	0	4	2	4
4	4	55	1	2	6	1	3	1440	1	0	0	2	2	6
4	3	50	1	2	7	1	1	3600	1	0	0	1	2	8
4	4	22	2	1	6	1	2	420	1	0	0	2	2	6
4	4	40	2	2	5	1	2	960	1	0	0	3	2	4
4	4	45	1	2	6	1	1	4140	1	0	0	1	2	6
4	4	65	1	2	3	3	4	200	2	0	0	4	2	2
4	3	57	2	5	5	1	1	810	1	0	0	2	2	4
4	5	24	2	1	6	1	1	1440	1	0	0	1	2	6
4	4	53	2	2	4	1	6	800	4	0	0	4	2	3
4	3	28	1	1	7	5	1	2500	1	0	0	1	2	6
4	4	32	1	1	7	1	6	1470	4	0	0	4	2	8
4	5	43	1	2	5	1	1	2520	1	0	0	2	2	4
4	3	28	2	1	6	1	1	1240	1	0	0	2	2	6
4	4	49	1	2	6	1	4	6000	2	0	0	4	2	6
4	2	65	2	5	3	3	1	840	1	0	0	3	2	2
4	4	49	2	2	5	1	1	1860	1	0	0	2	2	4
4	4	39	1	2	7	1	1	4200	1	0	0	1	2	8
4	3	24	2	1	7	1	4	360	2	0	0	4	2	8
4	4	25	2	1	7	1	6	1200	4	0	0	4	2	8
4	4	45	1	2	7	1	1	8000	1	3	0	1	2	8
4	3	33	1	2	5	1	4	3000	2	0	0	4	2	4
4	4	40	1	2	5	1	1	2592	1	0	0	2	2	4
4	2	41	1	2	7	1	1	3600	1	0	0	2	2	8
4	2	30	2	2	5	1	4	1800	2	0	0	4	2	4
4	5	34	1	2	5	1	1	2520	1	0	0	2	2	4
4	2	32	1	2	8	3	1	5600	1	0	0	2	2	9
4	2	39	2	4	5	1	1	1104	1	0	0	2	1	4
4	3	67	1	2	5	1	2	605	1	0	0	2	2	4
4	4	44	1	2	5	1	4	1020	2	0	0	4	2	4
4	4	38	2	2	4	1	4	400	2	0	0	4	2	3
4	4	74	1	2	2	6	4	480	2	0	0	4	2	1
4	4	35	1	2	5	1	4	6500	2	0	0	4	2	4
4	5	49	2	2	5	1	1	1800	1	0	0	2	2	4
4	1	33	2	1	7	1	1	1320	1	0	0	2	1	8
4	4	49	1	2	4	1	4	3600	2	0	0	4	2	3
4	3	62	1	2	5	1	6	650	4	0	0	4	2	4
4	4	28	2	1	7	1	2	1572	1	0	0	2	2	8
4	3	31	2	2	6	1	1	1200	1	0	0	2	2	6
4	4	51	1	2	4	1	4	3000	2	0	0	4	2	3
4	1	46	2	4	5	1	4	1250	2	0	0	4	2	4
4	2	39	2	2	7	1	1	3600	1	0	0	2	2	8
4	3	59	1	4	3	1	3	1200	1	0	0	2	2	2
4	4	39	1	2	7	1	1	5600	1	0	0	1	1	8
4	4	54	2	2	3	1	4	360	2	0	0	4	2	2
4	4	37	1	2	5	1	1	2364	1	0	0	2	2	4
4	4	37	2	2	5	1	1	1200	1	0	0	2	2	4
4	4	33	1	2	6	1	1	1920	1	0	0	2	2	6
4	4	51	1	2	5	1	4	1860	2	0	0	4	2	4
4	4	50	1	2	5	1	4	2400	2	0	0	4	2	4
4	4	31	2	2	6	1	2	1200	1	0	0	3	2	6
4	4	55	1	2	5	1	1	6000	1	0	0	1	2	4
4	4	47	1	2	6	1	1	2688	1	0	0	2	2	6
4	2	59	2	2	3	3	2	780	1	0	0	1	2	2
4	4	33	2	2	6	1	1	960	1	0	0	2	2	6
4	2	28	2	2	8	4	6	500	4	50	10	4	1	9
4	4	46	2	2	5	1	2	160	1	0	0	2	2	4
4	4	57	2	5	4	1	1	1200	1	0	0	2	2	3
4	4	36	1	2	7	1	1	2600	1	0	0	2	2	8
4	3	47	1	2	6	1	3	2536	1	0	0	2	2	6
4	1	32	1	1	7	1	6	2520	4	0	0	4	2	8
4	3	34	1	2	7	3	1	2400	1	0	0	2	1	7
4	3	34	1	2	5	1	1	2600	1	0	0	2	2	4
4	4	48	1	2	5	1	1	4100	1	0	0	2	2	4
4	1	52	2	4	3	1	3	600	1	0	0	2	2	2
4	4	50	2	2	4	1	4	500	2	0	0	4	2	3
4	3	57	1	2	6	1	4	3600	2	0	0	4	2	6
4	4	30	1	1	7	1	1	2196	1	0	0	2	2	8
4	3	27	2	2	5	1	2	590	1	0	0	1	2	4
4	4	33	1	2	5	1	1	2524	1	0	0	2	2	4
4	4	49	1	2	6	1	4	3600	2	0	0	4	2	6
4	3	57	1	2	4	1	1	2200	1	0	0	1	2	3
4	4	41	1	2	9	1	1	4920	1	0	0	1	2	10
4	3	74	1	2	5	1	6	366	4	0	0	4	2	4
4	1	27	1	1	5	1	1	3480	1	0	0	1	2	4
4	4	32	1	1	5	1	1	1800	1	0	0	2	2	4
4	3	39	1	2	7	1	1	3360	1	0	0	2	2	8
4	1	28	1	1	6	1	1	1600	1	0	0	2	2	6
4	4	59	1	2	3	1	2	1580	1	0	0	2	2	2
4	4	33	1	2	5	1	4	1740	2	0	0	4	2	4
4	2	29	1	2	7	1	1	2500	1	5	0	1	1	8
4	3	56	1	2	8	1	1	6000	1	0	0	1	1	10
4	2	42	1	2	6	1	1	3504	1	0	0	2	2	6
4	4	48	2	2	5	1	3	1440	1	0	0	2	2	4
4	4	44	1	2	7	1	1	4180	1	0	0	1	2	8
4	2	58	2	2	3	1	4	1800	2	0	0	4	2	2
4	4	33	1	2	7	1	1	2796	1	0	0	2	2	8
4	4	24	2	1	6	1	2	1032	1	0	0	2	2	6
4	2	61	1	2	3	3	3	480	1	0	0	2	2	2
4	1	26	2	1	6	3	4	6000	2	0	0	4	2	5
4	3	32	2	2	5	1	3	1440	1	0	0	2	2	4
4	4	48	2	2	5	1	1	960	1	0	0	2	2	4
4	1	32	1	1	5	3	1	2500	1	0	0	2	2	4
4	2	59	1	2	3	1	6	960	4	0	0	4	2	2
4	3	35	1	2	5	1	4	1560	2	0	0	4	2	4
4	4	48	1	2	5	1	4	6000	2	0	0	4	2	4
4	3	45	2	2	6	1	4	2400	2	0	0	4	2	6
4	1	38	1	1	7	1	1	2450	1	0	0	2	2	8
4	3	36	1	2	6	1	1	2550	1	0	0	1	2	6
4	4	27	1	1	7	1	1	3000	1	3	3	2	2	8
4	4	43	1	2	5	1	1	2180	1	0	0	1	2	4
4	2	53	2	2	5	1	1	960	1	0	0	1	2	4
4	4	40	2	2	5	1	4	600	2	0	0	4	2	4
4	3	67	1	2	2	6	4	840	2	0	0	4	2	1
4	3	27	2	1	6	1	1	1080	1	0	0	2	2	6
4	4	30	2	1	7	1	2	1200	1	0	0	2	2	8
4	5	47	1	2	5	1	4	999999	2	0	0	4	2	4
4	3	60	2	2	3	1	2	1200	1	0	0	2	2	2
4	3	24	1	1	7	3	6	200	4	0	0	4	2	5
4	4	42	2	2	7	3	1	3120	1	0	0	2	2	6
4	3	71	1	2	3	1	2	720	1	0	0	2	2	2
4	4	31	1	2	5	1	1	1440	1	0	0	2	2	4
4	2	28	2	2	7	1	1	2600	1	4	8	2	2	8
4	3	32	1	1	5	1	1	366	1	0	0	2	2	4
4	1	46	1	1	4	1	1	2000	1	0	0	2	2	3
4	4	57	1	2	5	1	4	1200	2	0	0	4	2	4
4	3	29	1	2	6	1	1	1870	1	0	0	2	2	6
4	2	31	1	2	7	1	1	3200	1	0	0	2	2	8
4	3	57	2	2	4	1	3	1800	1	0	0	2	2	3
4	4	48	2	2	6	1	1	2520	1	0	0	1	2	6
4	3	44	2	2	4	1	4	960	2	0	0	4	2	3
4	4	33	1	2	6	1	1	2400	1	0	0	2	2	6
4	4	46	1	2	5	1	1	5660	1	0	0	1	2	4
4	2	32	1	1	7	1	1	2500	1	0	0	2	2	8
4	3	26	1	1	7	1	1	2196	1	0	0	2	2	8
4	2	60	1	2	3	1	4	4200	2	0	0	4	2	2
4	1	31	1	1	8	1	1	3000	1	0	0	3	2	10
4	4	22	2	1	5	1	1	2530	1	0	0	3	2	4
4	3	22	1	1	7	5	1	950	1	0	0	1	2	6
4	3	37	2	2	5	1	1	975	1	0	0	2	2	4
4	4	36	1	2	5	1	4	2500	2	0	0	4	2	4
4	4	29	1	1	5	1	1	1500	1	0	0	2	2	4
4	5	38	1	2	5	1	4	3000	2	0	0	4	2	4
4	5	50	2	2	5	1	4	6000	2	0	0	4	2	4
4	3	57	1	2	8	1	1	5300	1	0	0	1	2	10
4	4	48	1	2	7	1	4	3200	2	0	0	4	2	8
4	4	28	2	1	6	1	2	1700	1	0	0	3	2	6
4	1	52	2	4	5	3	1	500	1	0	0	2	2	4
4	2	59	1	2	8	1	1	4560	1	0	0	2	2	10
4	4	23	1	1	7	5	6	20	4	0	0	4	2	6
4	2	76	2	2	2	6	4	60	2	0	0	4	2	1
4	6	20	1	1	7	4	4	210	2	0	0	4	2	6
4	4	36	1	2	7	1	4	3000	2	0	0	4	2	8
4	3	38	1	2	6	1	4	3690	2	0	0	4	2	6
4	1	38	2	1	6	1	4	480	2	0	0	4	2	6
4	3	50	2	2	4	1	6	1850	4	0	0	4	2	3
4	1	34	1	1	7	1	1	2000	1	0	0	2	2	8
4	5	52	1	2	8	1	1	6000	1	0	0	2	2	10
4	4	23	2	1	6	1	1	1320	1	0	0	3	2	6
4	2	60	1	2	5	1	1	390	1	0	0	3	2	4
4	4	40	1	2	5	1	4	1110	2	0	0	4	2	4
4	3	39	1	2	7	1	4	2400	2	0	0	4	2	8
4	3	32	2	2	7	1	6	2600	4	10	2	4	1	8
4	2	52	1	4	3	1	3	720	1	0	0	2	2	2
4	4	46	1	2	7	1	4	12000	2	0	0	4	2	8
4	3	23	2	1	6	1	1	1180	1	0	0	2	2	6
4	4	45	1	2	7	1	4	2600	2	0	0	4	2	8
4	4	36	1	2	8	5	4	2500	2	0	0	4	2	9
4	3	25	2	1	5	1	1	675	1	0	0	2	2	4
4	2	55	2	2	3	1	6	630	4	0	0	4	2	2
4	4	50	1	2	5	1	4	3000	2	0	0	4	2	4
4	4	55	1	2	7	1	1	5640	1	0	0	1	2	8
4	2	57	2	2	3	3	3	510	1	0	0	2	2	2
4	3	39	2	2	8	1	1	2040	1	0	0	2	2	10
4	3	46	1	2	4	3	6	1210	4	0	0	4	2	3
4	3	26	1	1	6	1	1	1860	1	0	0	2	2	6
4	4	54	2	2	7	1	1	4800	1	0	0	1	2	8
4	4	58	1	2	7	1	4	1300	2	0	0	4	2	8
4	4	27	2	1	7	1	2	880	1	0	0	3	1	8
4	2	64	1	2	3	1	6	2000	4	0	0	4	2	2
4	4	46	2	2	5	1	4	1200	2	0	0	4	2	4
4	6	52	1	2	8	1	4	6000	2	0	0	4	2	10
4	4	38	2	2	7	1	1	4080	1	0	0	1	2	8
4	4	43	1	2	5	1	1	3600	1	0	0	2	2	4
4	2	64	1	2	5	1	4	1400	2	0	0	4	2	4
4	4	36	2	2	5	1	1	3084	1	0	0	2	2	4
4	4	26	2	1	6	1	6	960	4	0	0	4	2	6
4	2	34	1	2	6	1	1	3120	1	0	0	2	2	6
4	4	26	2	1	8	1	1	2640	1	0	0	2	2	10
4	1	73	2	5	3	1	4	200	2	0	0	4	2	2
6	9	41	2	2	7	1	4	3720	2	0	0	4	2	8
6	3	30	1	2	5	1	1	2040	1	0	0	2	2	4
6	4	54	2	2	4	3	2	960	1	0	0	2	2	3
6	4	34	1	2	7	1	1	1000	1	0	0	2	2	8
6	3	57	1	2	7	1	1	6600	1	0	0	2	2	8
6	4	38	1	2	6	3	1	2460	1	0	0	2	2	5
6	4	36	1	2	6	1	1	3360	1	0	0	2	2	6
6	5	39	1	4	7	1	6	3720	4	0	0	4	2	8
6	9	67	2	5	3	1	6	1050	4	0	0	4	2	2
6	3	33	1	2	7	1	1	3300	1	0	0	2	2	8
6	4	35	1	2	7	1	1	2990	1	0	0	2	2	8
6	6	35	2	2	7	1	1	2200	1	0	0	2	1	8
6	4	40	1	2	7	1	1	3036	1	3	0	2	2	8
6	5	57	1	2	5	1	4	1800	2	0	0	4	2	4
6	4	51	1	2	7	2	4	13000	2	0	0	4	2	8
6	4	35	1	2	5	1	1	1800	1	0	0	2	2	4
6	1	41	1	1	8	3	1	1440	1	0	0	2	2	9
6	4	57	1	2	7	1	4	6600	2	0	0	4	2	8
6	2	38	1	2	6	1	1	1800	1	0	0	2	2	6
6	3	41	2	1	5	1	4	2496	2	0	0	4	2	4
6	5	44	2	2	6	1	1	960	1	0	0	2	2	6
6	2	55	1	2	3	1	4	1200	2	0	0	4	2	2
6	3	32	1	2	6	1	1	1466	1	0	0	2	2	6
6	2	33	1	2	7	1	1	3500	1	0	0	1	2	8
6	1	48	2	5	5	1	1	1320	1	0	0	2	2	4
6	5	43	2	2	5	1	1	1560	1	0	0	2	2	4
6	4	46	1	2	7	1	4	3100	2	0	0	4	2	8
6	4	41	1	2	5	1	6	1080	4	0	0	4	2	4
6	3	25	2	2	5	1	1	1300	1	0	0	2	2	4
6	4	50	2	2	4	3	6	999999	4	0	0	4	2	3
6	4	42	1	2	5	1	1	2040	1	0	0	2	2	4
6	1	32	1	1	7	1	1	1320	1	7	0	2	2	8
6	4	33	2	2	7	1	4	5000	2	0	0	4	2	8
6	5	24	2	1	7	4	6	240	4	0	0	4	2	7
6	4	25	2	1	6	1	1	950	1	0	0	2	2	6
6	3	28	1	2	6	1	1	4116	1	0	0	1	2	6
6	4	62	1	2	5	1	4	5300	2	0	0	4	2	4
6	3	35	1	2	6	1	1	2520	1	0	0	2	2	6
6	3	37	2	4	5	1	2	1200	1	0	0	1	2	4
6	4	36	1	2	5	1	1	1716	1	0	0	2	2	4
6	3	30	2	2	6	1	1	1067	1	0	0	2	2	6
6	3	38	1	2	7	5	1	930	1	0	0	2	2	7
6	2	61	2	5	4	1	1	720	1	0	0	2	2	3
6	2	55	1	5	5	1	3	1850	1	0	0	2	2	4
6	9	41	1	2	6	1	6	1500	4	0	0	4	2	6
6	1	44	1	1	5	1	1	1500	1	0	0	2	2	4
6	4	62	1	2	3	1	4	870	2	0	0	4	2	2
6	2	28	1	2	7	1	1	2448	1	0	0	3	1	8
6	3	40	2	2	5	1	1	2400	1	0	0	2	2	4
6	3	27	2	1	7	1	2	1250	1	0	0	2	2	8
6	4	45	1	2	4	1	4	2100	2	0	0	4	2	3
6	4	49	1	2	7	1	1	3600	1	0	0	2	2	8
6	4	23	1	1	7	4	6	240	4	20	5	4	2	7
6	3	31	2	1	9	2	1	2500	1	3	20	2	2	10
6	1	36	2	4	6	3	4	3780	2	0	0	4	2	5
6	3	29	2	2	7	5	6	1046	4	0	0	4	2	7
6	3	46	1	1	3	1	4	480	2	0	0	4	2	2
6	3	54	2	2	5	1	1	320	1	0	0	2	2	4
6	3	26	2	1	5	1	1	2200	1	0	0	1	2	4
6	3	59	1	2	2	6	3	1400	1	0	0	2	2	1
6	2	36	1	2	6	1	1	2676	1	0	0	2	2	6
6	4	31	1	2	7	1	2	2400	1	0	0	2	2	8
6	4	42	1	2	5	1	1	5200	1	0	0	2	2	4
6	3	38	1	1	5	1	1	1500	1	0	0	1	2	4
6	3	57	2	2	5	1	1	600	1	0	0	2	2	4
6	2	29	2	2	7	1	1	3100	1	0	0	1	2	8
6	5	45	1	2	8	1	1	4694	1	0	0	1	2	10
6	4	35	1	2	6	1	1	4120	1	0	0	1	2	6
6	1	46	2	1	9	1	2	800	1	0	0	2	2	10
6	3	34	1	2	6	1	1	2100	1	0	0	2	2	6
6	3	59	2	2	4	1	2	660	1	0	0	2	2	3
6	3	39	1	2	7	1	4	1120	2	0	0	4	2	8
6	5	44	1	2	4	3	4	1560	2	0	0	4	2	3
6	3	67	1	2	7	1	4	0	2	0	0	4	2	8
6	5	57	1	2	4	1	1	1800	1	0	0	2	2	3
6	3	40	1	2	5	1	4	2450	2	0	0	4	2	4
6	4	41	2	2	5	1	1	1560	1	0	0	2	2	4
6	7	35	1	1	5	1	1	1248	1	0	0	2	2	4
6	3	69	2	5	2	6	4	360	2	0	0	4	2	1
6	4	39	1	2	7	1	4	6700	2	0	0	4	2	8
6	2	34	2	2	7	1	6	400	4	0	0	4	2	8
6	4	34	1	2	7	1	4	3600	2	0	0	4	2	8
6	9	33	1	1	7	1	4	1850	2	0	0	4	2	8
6	1	38	1	1	5	1	1	3840	1	0	0	2	2	4
6	5	42	1	2	7	1	1	5680	1	0	0	2	2	8
6	1	76	2	5	2	6	4	50	2	0	0	4	2	1
6	3	39	1	2	7	1	4	780	2	0	0	4	1	8
6	2	32	2	2	6	1	1	1500	1	0	0	2	2	6
6	4	52	2	2	3	1	4	170	2	0	0	4	2	2
6	4	33	1	2	6	3	3	2220	1	0	0	1	2	5
6	1	61	2	5	2	6	4	600	2	0	0	4	2	1
6	4	41	1	2	7	1	1	5760	1	0	0	1	2	8
6	2	61	1	2	4	3	1	1116	1	0	0	2	2	3
6	4	48	2	2	5	1	3	1200	1	0	0	2	2	4
6	2	43	1	2	3	1	4	3250	2	0	0	4	2	2
6	4	58	1	2	4	3	2	1560	1	0	0	2	2	3
6	4	39	2	2	6	1	1	480	1	0	0	2	2	6
6	3	39	1	2	7	1	4	3300	2	0	0	4	2	8
6	3	58	1	2	7	1	6	420	4	0	0	4	2	8
6	4	49	1	2	5	1	1	5600	1	0	0	1	1	4
6	4	20	2	1	7	4	6	29	4	7	10	4	2	6
6	2	47	1	2	5	3	2	1236	1	0	0	2	2	4
6	4	40	2	2	6	1	4	1800	2	0	0	4	2	6
6	3	59	2	2	6	1	1	3800	1	0	0	2	1	6
6	3	59	1	2	7	1	1	5860	1	0	0	1	2	8
6	2	47	2	4	5	1	6	985	4	0	0	4	2	4
6	4	24	2	1	7	1	1	120	1	0	0	2	2	8
6	5	25	1	1	6	5	6	1000	4	0	0	4	2	5
6	2	68	2	2	3	1	6	210	4	0	0	4	2	2
6	5	53	2	2	3	1	4	1500	2	0	0	4	2	2
6	4	35	1	2	7	1	1	3500	1	0	0	1	2	8
6	6	41	1	2	7	1	4	3700	2	0	0	4	2	8
6	3	58	1	2	5	1	1	6360	1	0	0	2	2	4
6	3	29	2	2	6	1	6	310	4	0	0	4	2	6
6	7	61	2	2	3	1	1	840	1	0	0	1	2	2
6	5	51	2	2	5	1	1	1200	1	0	0	2	2	4
6	4	42	1	2	7	1	1	4300	1	0	0	1	2	8
6	5	42	2	2	7	3	1	4640	1	0	0	1	2	7
6	4	56	1	2	3	1	4	2000	2	0	0	4	2	2
6	4	49	1	2	7	1	4	2004	2	0	0	4	2	8
6	2	26	2	2	7	1	1	2400	1	0	0	2	2	8
6	5	30	1	1	7	1	1	810	1	0	0	1	2	8
6	2	61	1	2	4	1	1	1836	1	0	0	2	2	3
6	4	34	2	2	6	1	4	1800	2	0	0	4	2	6
6	2	56	2	2	3	3	1	781	1	0	0	2	2	2
6	5	51	1	4	3	1	3	600	1	0	0	2	2	2
6	4	51	1	2	5	1	1	4800	1	0	0	2	2	4
6	3	67	1	2	7	1	1	840	1	0	0	2	2	8
6	3	46	1	2	6	1	4	6800	2	0	0	4	2	6
6	3	25	1	1	6	5	1	980	1	0	0	2	2	5
6	2	78	1	2	7	1	4	3640	2	0	0	4	2	8
6	5	20	2	1	6	4	6	160	4	0	0	4	2	5
6	3	26	1	1	5	3	6	930	4	0	0	4	2	4
6	5	28	1	1	5	1	1	1700	1	0	0	2	2	4
6	4	39	2	2	5	1	4	2500	2	0	0	4	2	4
6	4	36	1	2	8	1	1	2232	1	5	20	1	1	10
6	1	76	2	5	3	1	4	360	2	0	0	4	2	2
6	4	27	2	1	7	1	1	1500	1	0	0	2	2	8
6	5	34	1	2	7	5	1	3240	1	0	0	2	2	7
6	4	41	1	2	5	1	1	6180	1	0	0	1	2	4
6	2	43	2	2	3	1	2	557	1	0	0	2	2	2
6	3	36	1	2	5	1	1	5600	1	0	0	1	2	4
6	4	58	1	2	7	1	6	4000	4	0	0	4	2	8
6	6	68	1	2	3	1	6	780	4	0	0	4	2	2
6	4	41	1	2	5	1	1	4500	1	0	0	1	2	4
6	3	34	1	2	6	1	1	3120	1	0	0	1	2	6
6	4	39	1	2	5	1	1	2600	1	0	0	2	2	4
6	5	51	1	2	3	1	3	432	1	0	0	2	2	2
6	3	58	1	2	6	1	1	5500	1	0	0	2	1	6
6	2	64	1	2	4	1	4	4680	2	0	0	4	2	3
6	3	63	2	2	7	4	4	200	2	0	0	4	2	6
6	4	44	1	2	7	3	1	5040	1	0	0	1	2	5
6	1	61	2	5	3	1	3	960	1	0	0	2	2	2
6	1	58	2	4	3	3	2	720	1	0	0	2	2	2
6	3	57	1	2	3	1	6	1000	4	0	0	4	2	2
6	1	29	2	1	7	1	1	2070	1	5	0	1	2	8
6	4	33	1	2	5	1	4	1920	2	0	0	4	2	4
6	4	36	2	2	7	1	2	360	1	0	0	2	1	8
6	5	43	2	2	5	1	4	6600	2	0	0	4	2	4
6	1	33	1	1	6	1	1	2040	1	0	0	2	2	6
6	5	50	1	2	4	1	4	700	2	0	0	4	2	3
6	2	71	1	2	4	3	4	480	2	0	0	4	2	3
6	2	62	1	2	3	1	3	250	1	0	0	2	2	2
6	4	44	2	5	6	1	1	1100	1	0	0	2	2	6
6	4	45	1	2	5	1	1	4150	1	0	0	2	2	4
6	2	62	1	2	4	1	1	1740	1	0	0	2	2	3
6	5	42	1	2	5	1	1	4224	1	0	0	1	2	4
6	4	57	1	2	5	1	1	2500	1	0	0	1	2	4
6	4	37	1	2	5	1	1	2656	1	0	0	2	2	4
6	4	60	1	2	4	1	4	3630	2	0	0	4	2	3
6	5	44	2	2	3	1	2	1080	1	0	0	2	2	2
6	5	38	2	2	5	1	1	1152	1	0	0	2	2	4
6	3	24	1	1	7	4	6	480	4	0	0	4	2	7
6	2	35	1	2	6	1	1	2340	1	0	0	2	2	6
9	4	49	1	2	5	1	2	1822	1	0	0	2	2	4
9	5	38	1	2	5	1	4	999999	2	0	0	4	2	4
9	6	69	2	5	3	1	4	300	2	0	0	4	2	2
9	4	43	1	2	5	1	4	6240	2	0	0	4	2	4
9	5	40	2	2	6	1	4	1200	2	0	0	4	2	6
9	2	56	2	2	3	1	4	1200	2	0	0	4	2	2
9	5	23	2	1	6	1	1	2300	1	0	0	2	1	6
9	2	67	1	2	3	1	4	720	2	0	0	4	2	2
9	5	44	1	2	9	1	4	2520	2	0	0	4	2	10
9	4	48	1	2	5	1	4	3500	2	0	0	4	2	4
9	4	54	1	2	5	1	1	3000	1	0	0	1	2	4
9	5	35	1	2	6	1	4	3200	2	0	0	4	2	6
9	4	60	1	2	6	1	1	4000	1	0	0	2	2	6
9	2	25	1	1	5	1	1	2000	1	0	0	2	2	4
9	3	52	1	2	4	1	1	1800	1	0	0	2	2	3
9	3	49	2	4	3	1	4	1200	2	0	0	4	2	2
9	3	31	1	2	7	1	4	1890	2	0	0	4	2	8
9	4	39	1	2	7	1	4	1800	2	0	0	4	2	8
9	5	46	1	2	5	1	1	5240	1	0	0	2	2	4
9	4	25	2	1	7	1	1	1440	1	0	0	3	2	8
9	2	57	1	2	4	1	6	500	4	0	0	4	2	3
9	5	42	2	2	4	1	2	720	1	0	0	2	2	3
9	4	49	1	2	5	1	4	2400	2	0	0	4	2	4
9	4	37	2	2	8	1	4	2450	2	0	0	4	2	10
9	2	44	2	3	5	1	2	1000	1	0	0	2	2	4
9	2	42	2	2	5	1	1	1560	1	0	0	2	2	4
9	4	29	1	1	8	3	1	2100	1	0	0	1	2	9
9	1	30	1	1	7	5	1	2520	1	0	0	2	2	7
9	2	29	2	2	7	1	1	1200	1	0	0	2	2	8
9	4	42	1	2	5	1	4	2500	2	0	0	4	2	4
9	4	35	2	2	6	3	2	1020	1	0	0	2	2	5
9	6	39	1	1	3	1	1	720	1	0	0	2	2	2
9	3	35	1	1	5	1	3	1836	1	0	0	2	2	4
9	4	38	1	2	9	2	1	3720	1	0	0	2	2	10
9	4	26	2	1	6	1	2	1180	1	0	0	1	2	6
9	4	47	1	2	5	3	4	3000	2	0	0	4	2	4
9	2	61	1	2	3	1	4	1500	2	0	0	4	2	2
9	1	30	1	1	7	1	1	2076	1	0	0	2	2	8
9	5	46	1	2	6	1	4	2000	2	0	0	4	2	6
9	3	27	1	1	6	1	1	1630	1	0	0	1	2	6
9	4	48	1	2	8	2	4	2600	2	0	0	4	2	10
9	4	50	1	2	5	1	4	5120	2	0	0	4	2	4
9	6	34	1	2	5	1	1	3350	1	0	0	1	2	4
9	1	42	1	4	5	1	1	3240	1	0	0	2	2	4
9	3	35	1	1	7	1	4	2400	2	0	0	4	2	8
9	1	27	1	1	8	1	1	1850	1	0	0	2	1	10
9	3	55	1	2	5	1	4	2450	2	0	0	4	2	4
9	1	43	1	2	6	1	1	3150	1	0	0	2	2	6
9	2	64	2	2	5	1	4	960	2	0	0	4	2	4
9	4	31	1	2	6	1	1	2100	1	0	0	2	2	6
9	1	54	2	5	3	1	2	520	1	0	0	2	2	2
9	4	49	1	2	5	1	1	6700	1	0	0	1	2	4
9	5	42	1	2	7	1	4	3000	2	0	0	4	2	8
9	4	42	1	2	4	1	1	3900	1	0	0	2	2	3
9	2	28	2	2	7	1	2	1700	1	0	0	2	2	8
9	3	27	2	2	7	3	1	670	1	0	0	2	2	7
9	4	39	1	2	5	1	4	2500	2	0	0	4	2	4
9	1	49	2	4	5	1	4	120	2	0	0	4	2	4
9	4	51	2	2	2	6	3	900	1	0	0	3	2	1
9	1	57	2	5	3	1	4	750	2	0	0	4	2	2
9	5	29	2	2	5	1	1	1140	1	0	0	1	2	4
9	4	46	1	2	5	1	3	2000	1	0	0	2	2	4
9	1	27	1	1	6	4	1	2850	1	3	0	2	2	5
9	4	44	2	2	5	1	1	1080	1	0	0	2	2	4
9	3	65	1	2	5	1	4	2000	2	0	0	4	2	4
9	2	51	1	2	5	1	6	2400	4	0	0	4	2	4
9	2	57	1	2	3	1	2	960	1	0	0	2	2	2
9	1	42	2	1	7	1	1	7500	1	0	0	1	2	8
9	4	43	1	2	7	1	1	2000	1	99	0	1	2	8
9	4	41	1	2	4	1	4	2120	2	0	0	4	2	3
9	4	33	2	2	7	1	1	3200	1	0	0	1	2	8
9	4	43	1	2	5	1	1	3440	1	0	0	1	2	4
9	2	70	1	2	3	1	3	1248	1	0	0	2	2	2
9	5	42	2	2	5	1	2	1260	1	0	0	2	2	4
9	5	40	1	2	7	1	4	2100	2	0	0	4	2	8
9	5	51	1	2	5	1	4	3700	2	0	0	4	2	4
9	4	38	2	2	6	1	1	1320	1	0	0	1	2	6
9	2	30	1	2	7	1	1	1500	1	0	0	2	2	8
9	4	37	2	2	5	1	4	2300	2	0	0	4	2	4
9	1	28	1	1	7	1	1	3072	1	0	0	1	2	8
9	4	55	1	2	3	1	4	2000	2	0	0	4	2	2
9	6	46	1	2	5	1	4	3700	2	0	0	4	2	4
9	4	46	1	2	5	1	1	2800	1	0	0	2	2	4
9	3	51	1	4	3	1	3	1440	1	0	0	2	2	2
9	2	30	2	1	6	1	1	1800	1	0	0	2	2	6
9	3	27	2	2	5	1	1	444	1	0	0	1	2	4
9	4	27	2	1	7	3	1	1200	1	0	0	2	2	5
9	4	45	2	2	7	1	1	5300	1	1	0	1	2	8
9	4	46	1	2	7	1	1	2724	1	0	0	2	2	8
9	4	35	1	2	7	1	2	1800	1	0	0	2	2	8
9	4	55	1	2	3	1	1	1920	1	0	0	1	2	2
9	6	46	1	2	5	1	6	1460	4	0	0	4	2	4
9	4	50	1	2	7	1	4	5000	2	0	0	4	2	8
9	2	31	1	2	7	1	1	1800	1	0	0	2	2	8
9	3	50	2	5	3	1	2	1440	1	0	0	2	2	2
9	2	65	1	2	4	3	4	1300	2	0	0	4	2	3
9	4	46	1	2	5	1	1	5000	1	0	0	2	2	4
9	3	28	1	2	6	1	1	2800	1	0	0	2	2	6
9	3	29	2	1	6	3	1	840	1	0	0	2	2	5
9	4	42	1	2	5	1	2	3840	1	0	0	1	2	4
9	2	34	1	1	6	1	4	1560	2	0	0	4	2	6
9	4	44	1	2	5	1	4	2500	2	0	0	4	2	4
9	2	28	2	2	7	1	1	2000	1	0	0	2	2	8
9	1	71	1	3	7	3	1	2400	1	0	0	2	2	6
9	3	32	2	2	5	1	6	1000	4	0	0	4	2	4
9	3	55	2	2	3	1	4	720	2	0	0	4	2	2
9	1	38	1	4	4	1	4	1800	2	0	0	4	2	3
9	4	55	1	2	5	1	1	5500	1	0	0	1	2	4
9	4	53	2	2	4	1	4	1300	2	0	0	4	2	3
9	2	28	1	2	7	1	1	1500	1	0	0	2	2	8
9	4	26	2	1	7	1	1	1200	1	0	0	2	2	8
9	2	60	2	4	2	6	1	840	1	0	0	3	2	1
9	3	31	1	2	6	1	4	1650	2	0	0	4	1	6
9	4	37	1	2	5	1	3	1440	1	0	0	2	2	4
9	5	52	1	2	4	1	4	600	2	0	0	4	2	3
9	4	52	1	2	5	1	4	1200	2	0	0	4	2	4
9	5	37	1	2	5	1	4	7000	2	0	0	4	2	4
9	2	26	2	1	5	1	1	1250	1	0	0	1	2	4
9	2	62	2	2	2	6	4	150	2	0	0	4	2	1
9	5	58	2	2	2	6	6	650	4	0	0	4	2	1
9	4	31	2	2	5	1	1	1050	1	0	0	2	2	4
9	2	62	1	2	7	1	4	600	2	0	0	4	2	8
9	1	33	1	1	7	1	1	600	1	0	0	2	2	8
9	3	31	1	2	5	1	1	1680	1	0	0	1	2	4
9	1	62	1	4	4	1	3	180	1	0	0	2	2	3
9	4	54	1	2	3	1	4	200	2	0	0	4	2	2
9	4	52	2	2	3	1	1	300	1	0	0	2	2	2
9	4	47	1	2	8	1	1	5300	1	0	0	1	2	10
9	2	53	1	2	6	1	1	4308	1	0	0	2	2	6
9	3	58	1	2	4	1	4	1800	2	0	0	4	2	3
9	2	65	2	5	2	6	4	300	2	0	0	4	2	1
10	2	26	1	1	7	1	6	148	4	0	0	4	2	8
10	1	32	1	1	6	1	1	2352	1	0	0	2	2	6
10	4	36	2	2	5	1	1	1224	1	0	0	2	2	4
10	4	38	1	2	7	1	1	2976	1	0	0	2	2	8
10	4	44	2	2	4	1	2	720	1	0	0	2	2	3
10	5	60	1	2	5	1	2	1212	1	0	0	2	2	4
10	4	34	2	2	5	1	6	960	4	0	0	4	2	4
10	2	67	2	2	5	1	1	1200	1	0	0	2	2	4
10	1	27	1	1	6	5	1	1776	1	0	0	2	2	5
10	1	83	2	5	2	6	6	30	4	0	0	4	2	1
10	4	47	1	2	4	1	1	1776	1	0	0	2	2	3
10	3	51	1	4	5	1	1	2184	1	0	0	1	2	4
10	4	46	1	2	5	1	4	1800	2	0	0	4	2	4
10	4	47	2	2	5	1	1	1440	1	0	0	2	2	4
10	5	51	1	2	5	1	1	3000	1	0	0	2	2	4
10	3	30	2	1	8	1	4	1200	2	0	0	4	2	10
10	3	32	2	2	7	1	1	2868	1	0	0	1	2	8
10	4	31	1	2	7	1	1	1740	1	0	0	2	2	8
10	4	54	2	2	3	1	1	1080	1	0	0	2	2	2
10	3	59	1	2	5	3	1	1908	1	0	0	2	2	4
10	4	47	1	2	5	1	1	2160	1	0	0	2	2	4
10	4	39	1	2	5	1	3	2160	1	0	0	2	2	4
10	1	27	2	1	7	4	4	200	2	0	0	4	2	7
10	1	50	2	4	4	1	1	1200	1	0	0	2	2	3
10	3	60	2	3	4	1	6	1200	4	0	0	4	2	3
10	1	25	1	1	5	1	2	780	1	0	0	1	2	4
10	4	52	2	2	5	1	1	1836	1	0	0	1	2	4
10	4	45	1	2	7	3	1	3180	1	0	0	1	2	6
10	4	43	2	2	5	1	2	1080	1	0	0	2	2	4
10	4	24	1	1	5	1	1	1584	1	0	0	2	2	4
10	2	48	2	2	4	1	4	3000	2	0	0	4	2	3
10	4	51	1	2	5	1	4	2796	2	0	0	4	2	4
10	2	46	2	2	4	1	1	450	1	0	0	2	2	3
10	1	29	2	1	5	1	6	1152	4	0	0	4	2	4
10	4	28	1	2	5	1	1	2800	1	0	0	1	2	4
10	4	49	2	2	4	1	4	600	2	0	0	4	2	3
10	2	35	2	1	6	1	1	1020	1	0	0	2	2	6
10	3	65	2	2	3	1	2	600	1	0	0	2	2	2
10	5	50	2	2	5	1	1	1584	1	0	0	2	2	4
10	5	48	2	2	4	1	4	5400	2	0	0	4	2	3
10	4	47	2	2	4	3	1	1476	1	0	0	2	2	3
10	4	39	2	2	5	1	1	1212	1	0	0	2	2	4
10	3	48	2	2	3	3	1	637	1	0	0	2	2	2
10	2	62	1	2	5	1	1	3708	1	0	0	2	2	4
10	3	34	1	2	7	1	1	2448	1	0	0	2	2	8
10	4	43	2	2	5	1	1	1200	1	0	0	2	2	4
10	6	38	1	2	7	1	4	2268	2	0	0	4	2	8
10	2	77	1	2	2	6	6	345	4	0	0	4	2	1
10	4	52	1	5	5	1	1	4596	1	0	0	1	2	4
10	4	38	1	2	5	1	4	780	2	0	0	4	2	4
10	3	27	1	1	5	1	6	80	4	0	0	4	2	4
10	6	40	1	2	5	1	4	4200	2	0	0	4	2	4
10	4	48	2	2	5	1	4	1200	2	0	0	4	2	4
10	4	44	2	2	5	1	6	150	4	0	0	4	2	4
10	2	51	2	4	7	1	4	2160	2	0	0	4	2	8
10	6	55	1	2	4	1	3	2400	1	0	0	2	2	3
10	3	31	1	2	8	3	1	2496	1	0	0	1	2	9
10	4	57	1	2	3	1	4	1248	2	0	0	4	2	2
10	5	26	1	1	6	1	1	1848	1	0	0	2	1	6
10	3	60	1	2	4	1	3	1500	1	0	0	2	2	3
10	3	53	2	2	4	1	4	150	2	0	0	4	2	3
10	2	61	1	4	4	1	6	810	4	0	0	4	2	3
10	2	43	1	4	5	1	1	3120	1	0	0	2	2	4
10	3	27	2	2	7	1	2	1320	1	0	0	2	2	8
10	3	55	1	2	5	3	3	1320	1	0	0	2	2	4
10	4	41	1	2	5	1	1	4308	1	0	0	1	2	4
10	3	57	1	2	5	1	1	4800	1	0	0	1	2	4
10	4	36	1	2	7	5	1	3708	1	0	0	1	2	6
10	4	53	1	5	5	1	4	2880	2	0	0	4	2	4
10	4	37	1	2	6	1	1	1320	1	0	0	2	2	6
10	5	45	2	2	5	1	1	780	1	0	0	2	2	4
10	4	35	1	2	5	1	1	3072	1	0	0	2	2	4
10	4	34	1	2	7	1	1	1956	1	0	0	2	2	8
10	4	24	2	1	6	1	1	1480	1	0	0	2	2	6
10	3	58	1	2	4	1	1	2160	1	0	0	1	2	3
10	3	27	1	2	6	1	1	1500	1	0	0	2	2	6
10	2	53	1	2	4	3	3	720	1	0	0	2	2	3
10	3	73	2	5	3	1	3	420	1	0	0	2	2	2
10	1	71	1	5	2	6	4	360	2	0	0	4	2	1
10	2	55	1	2	4	1	3	1530	1	0	0	2	2	3
10	4	43	1	2	8	1	4	1380	2	0	0	4	2	10
10	4	32	1	2	7	3	1	3000	1	0	0	2	2	7
10	4	40	1	2	5	1	4	2560	2	0	0	4	2	4
10	3	34	1	2	6	1	1	3000	1	0	0	2	2	6
10	2	30	1	1	7	1	1	2076	1	0	0	2	2	8
10	4	28	1	2	7	1	1	1200	1	0	0	2	2	8
10	4	48	1	2	5	1	1	4500	1	0	0	1	2	4
10	5	55	2	2	4	1	4	480	2	0	0	4	2	3
10	4	21	2	1	7	5	1	540	1	0	0	2	2	6
10	4	47	1	2	5	1	1	1200	1	0	0	2	2	4
10	3	49	1	2	5	1	6	1440	4	0	0	4	2	4
10	4	29	2	2	7	3	1	2076	1	0	0	2	2	5
10	4	31	2	2	7	1	1	950	1	0	0	1	2	8
10	2	53	1	4	3	1	3	1920	1	0	0	2	2	2
10	1	28	1	1	6	5	4	3036	2	0	0	4	2	5
10	4	27	2	1	6	1	1	2040	1	0	0	2	2	6
10	4	56	1	2	5	1	3	1560	1	0	0	2	2	4
10	3	55	2	2	4	1	1	732	1	0	0	2	2	3
10	3	27	2	1	5	1	1	984	1	0	0	2	2	4
10	2	52	1	2	5	1	1	3744	1	0	0	1	2	4
10	2	61	2	5	4	1	4	1200	2	0	0	4	2	3
10	4	40	2	2	6	1	1	1080	1	0	0	2	2	6
10	6	36	2	2	7	1	1	2986	1	0	0	2	2	8
10	4	45	1	2	5	1	4	1606	2	0	0	4	2	4
10	1	30	1	1	7	1	1	2796	1	0	0	2	2	8
10	4	43	1	2	6	1	4	1800	2	0	0	4	2	6
10	4	48	1	2	5	1	4	2370	2	0	0	4	2	4
10	4	42	1	2	5	1	1	3000	1	0	0	1	2	4
10	4	46	2	4	7	1	1	2592	1	0	0	2	2	8
10	3	45	2	2	4	1	2	1080	1	0	0	2	2	3
10	4	53	2	2	3	1	4	1080	2	0	0	4	2	2
10	4	36	2	2	6	1	6	1540	4	0	0	4	2	6
10	4	34	2	2	7	1	1	3360	1	0	0	1	2	8
10	5	38	1	2	7	1	1	3348	1	0	0	2	2	8
10	1	69	2	5	2	6	3	189	1	0	0	2	2	1
10	3	37	1	2	8	1	4	3684	2	0	0	4	2	10
10	3	29	2	2	7	1	1	2496	1	1	0	1	2	8
10	4	49	1	2	4	1	1	1560	1	0	0	2	2	3
10	3	29	1	2	7	1	1	1764	1	0	0	2	2	8
10	4	38	1	2	5	1	4	2160	2	0	0	4	2	4
10	1	58	2	5	3	1	1	1080	1	0	0	2	2	2
10	3	35	1	2	7	1	1	2556	1	0	0	2	2	8
10	3	64	2	2	2	6	1	780	1	0	0	2	2	1
10	1	25	1	1	7	3	1	1440	1	0	0	2	2	7
10	3	30	1	2	7	1	1	3120	1	0	0	1	2	8
10	1	43	1	1	5	1	2	1200	1	0	0	2	2	4
10	3	31	1	2	5	1	1	3516	1	0	0	1	2	4
10	2	73	1	2	5	1	4	200	2	0	0	4	2	4
10	4	36	1	2	6	1	1	4300	1	0	0	2	2	6
10	5	49	1	2	6	1	4	600	2	0	0	4	2	6
10	4	44	1	4	5	1	3	1200	1	0	0	2	2	4
10	4	51	1	2	3	1	3	1000	1	0	0	2	2	2
10	6	23	2	1	7	4	6	420	4	0	0	4	2	7
10	1	27	2	1	7	1	1	2596	1	5	0	1	2	8
10	4	35	1	2	7	3	1	4320	1	0	0	1	2	6
10	4	36	2	2	5	1	1	1452	1	0	0	2	2	4
10	4	43	1	2	7	1	1	8700	1	0	0	1	2	8
10	3	35	1	2	6	1	1	2232	1	0	0	2	2	6
10	5	47	2	2	5	1	6	1440	4	0	0	4	2	4
10	3	56	1	2	5	1	4	2168	2	0	0	4	2	4
10	1	56	2	5	3	1	1	1020	1	0	0	2	2	2
10	2	55	1	2	4	1	2	608	1	0	0	2	2	3
10	2	67	1	2	5	1	2	924	1	0	0	2	2	4
10	3	28	1	2	7	1	1	1880	1	0	0	2	2	8
10	1	39	1	1	4	1	3	1000	1	0	0	2	2	3
10	3	36	1	1	6	1	1	3200	1	0	0	2	2	6
10	5	52	1	2	8	1	1	5006	1	0	0	1	2	10
10	3	33	2	2	6	1	6	600	4	0	0	4	2	6
10	3	50	2	5	4	1	1	1320	1	0	0	2	2	3
10	4	34	1	2	7	1	1	3432	1	0	0	2	2	8
11	2	28	1	2	7	1	1	2300	1	0	0	1	2	8
11	3	36	1	1	7	1	1	3000	1	0	0	1	2	8
11	4	42	1	2	7	1	1	4000	1	0	0	1	2	8
11	5	47	1	2	4	1	1	3600	1	0	0	1	2	3
11	1	28	1	1	7	1	1	2200	1	0	0	2	2	8
11	2	63	2	5	3	1	3	200	1	0	0	2	2	2
11	1	35	1	1	5	3	6	800	4	0	0	4	2	4
11	7	41	2	3	3	1	4	150	2	0	0	4	2	2
11	4	55	1	2	4	1	1	2300	1	0	0	2	2	3
11	2	62	2	2	3	3	3	1080	1	0	0	2	2	2
11	4	35	1	2	7	1	1	3600	1	0	0	2	2	8
11	1	30	1	1	8	4	1	1590	1	0	0	2	2	9
11	5	43	1	2	4	1	4	300	2	0	0	4	2	3
11	2	67	1	2	3	1	4	1800	2	0	0	4	2	2
11	1	34	1	1	5	1	3	2400	1	0	0	2	2	4
11	4	46	2	5	5	1	1	1440	1	0	0	1	2	4
11	2	32	1	1	5	1	1	1560	1	0	0	2	2	4
11	4	25	1	1	6	3	1	3000	1	0	0	1	2	5
11	3	63	1	2	5	1	4	480	2	0	0	4	2	4
11	3	30	1	2	6	1	1	2760	1	0	0	2	2	6
11	3	28	1	2	6	5	6	1800	4	0	0	4	2	5
11	3	44	1	2	5	1	4	2500	2	0	0	4	2	4
11	4	33	1	2	7	1	1	4000	1	0	0	2	2	8
11	3	39	1	2	2	6	4	1200	2	0	0	4	2	1
11	2	61	1	2	5	1	4	2200	2	0	0	4	2	4
11	4	43	1	2	7	1	1	6500	1	0	0	2	2	8
11	3	52	1	2	3	3	3	2000	1	0	0	2	2	2
11	4	29	2	2	6	1	1	1440	1	0	0	2	2	6
11	2	47	2	4	3	1	1	320	1	0	0	2	2	2
11	1	37	1	1	5	1	6	2196	4	0	0	4	2	4
11	1	59	2	5	3	1	4	500	2	0	0	4	2	2
11	1	79	2	5	2	6	4	480	2	0	0	4	2	1
11	4	36	1	2	7	1	1	5000	1	15	5	1	1	8
11	3	57	1	2	3	1	4	150	2	0	0	4	2	2
11	2	32	1	2	7	1	1	2000	1	0	0	2	2	8
11	2	29	1	2	5	1	1	2300	1	0	0	2	1	4
11	4	36	1	2	5	1	1	1400	1	0	0	1	2	4
11	2	62	1	2	3	1	4	800	2	0	0	4	2	2
11	3	73	1	2	3	1	4	600	2	0	0	4	2	2
11	2	25	2	2	5	1	1	1800	1	0	0	2	2	4
11	5	20	2	1	7	4	6	150	4	0	0	4	2	5
11	4	68	1	2	3	3	6	420	4	0	0	4	2	2
11	4	33	2	2	7	3	6	450	4	0	0	4	2	7
11	2	72	1	2	3	1	4	400	2	0	0	4	2	2
11	1	33	1	1	7	1	1	2600	1	0	0	1	2	8
11	5	45	2	2	4	1	6	950	4	0	0	4	2	3
11	2	42	1	4	5	1	2	2300	1	0	0	2	2	4
11	8	65	1	2	3	1	4	1500	2	0	0	4	2	2
11	2	39	1	2	5	1	4	3000	2	0	0	4	2	4
11	2	62	1	2	5	1	4	1440	2	0	0	4	2	4
11	5	66	1	2	2	6	4	800	2	0	0	4	2	1
11	5	24	1	1	7	4	3	240	1	0	0	2	2	5
11	5	27	2	2	5	1	2	360	1	0	0	2	2	4
11	4	31	2	2	6	1	1	2160	1	0	0	2	2	6
11	7	26	2	2	6	1	1	2040	1	0	0	2	2	6
11	2	59	2	2	3	1	4	3000	2	0	0	4	2	2
11	3	34	1	2	8	1	1	2500	1	0	0	2	2	10
11	5	49	1	2	4	1	4	1500	2	0	0	4	2	3
11	2	51	2	2	4	1	1	1440	1	0	0	2	2	3
11	4	46	1	2	5	1	3	600	1	0	0	2	2	4
11	2	70	2	2	2	6	3	250	1	0	0	2	2	1
11	7	52	1	2	5	1	4	2400	2	0	0	4	2	4
11	3	56	1	2	5	3	1	2640	1	0	0	2	2	4
11	4	38	1	2	6	1	4	3600	2	0	0	4	2	6
11	4	36	1	2	7	1	4	3300	2	0	0	4	2	8
11	3	45	2	2	5	1	3	420	1	0	0	2	2	4
11	2	70	1	2	3	1	4	1200	2	0	0	4	2	2
11	2	71	1	2	2	6	4	1400	2	0	0	4	2	1
11	2	36	1	2	7	3	6	780	4	0	0	4	2	6
11	4	22	2	1	5	1	1	130	1	0	0	2	2	4
11	2	74	1	2	3	1	4	300	2	0	0	4	2	2
11	3	29	1	2	5	1	1	2000	1	0	0	2	2	4
11	5	46	2	2	5	1	1	960	1	0	0	2	2	4
11	2	61	1	2	3	1	3	150	1	0	0	2	2	2
11	3	21	2	1	5	1	1	300	1	0	0	2	2	4
11	8	38	1	2	5	1	4	2400	2	0	0	4	2	4
11	1	66	2	5	4	1	3	150	1	0	0	2	2	3
11	4	50	2	2	4	1	6	1320	4	0	0	4	2	3
11	2	26	1	1	6	1	1	150	1	0	0	2	2	6
11	1	63	2	5	3	3	1	1160	1	0	0	2	2	2
11	5	36	1	2	5	1	4	1400	2	0	0	4	2	4
11	5	51	1	2	4	1	4	1560	2	0	0	4	2	3
11	3	63	1	2	5	1	4	2800	2	0	0	4	2	4
11	2	55	2	5	3	1	2	1320	1	0	0	2	2	2
11	4	44	1	2	5	1	1	3840	1	0	0	2	2	4
11	1	45	1	4	3	1	3	1200	1	0	0	2	2	2
11	3	26	1	1	6	4	6	120	4	0	0	4	2	5
11	1	26	1	1	8	4	1	2880	1	0	0	2	2	9
11	4	32	2	2	5	1	4	2000	2	0	0	4	2	4
11	5	68	2	5	3	3	4	1440	2	0	0	4	2	2
11	4	43	2	2	4	1	4	640	2	0	0	4	2	3
11	4	46	1	2	5	1	1	4400	1	0	0	2	2	4
11	2	28	1	1	6	1	1	2040	1	0	0	2	2	6
11	5	39	2	2	5	1	1	1400	1	0	0	2	2	4
11	1	54	1	4	3	1	4	1000	2	0	0	4	2	2
11	2	74	1	2	3	1	4	500	2	0	0	4	2	2
11	4	28	2	2	5	1	1	200	1	0	0	2	1	4
11	2	74	1	2	8	1	4	900	2	0	0	4	2	10
11	3	34	1	2	7	1	4	7000	2	0	0	4	2	8
11	4	49	2	2	4	1	4	2000	2	0	0	4	2	3
11	1	70	2	5	3	3	1	480	1	0	0	2	2	2
11	2	69	2	2	3	1	2	60	1	0	0	2	2	2
11	5	46	1	2	5	1	1	3600	1	0	0	2	2	4
11	4	40	1	2	6	1	4	4200	2	0	0	4	2	6
11	4	30	1	2	5	1	6	1700	4	0	0	4	2	4
11	5	41	1	2	5	1	4	1560	2	0	0	4	2	4
11	5	39	1	2	6	1	4	3060	2	0	0	4	2	6
11	3	28	2	1	6	1	2	1680	1	0	0	2	2	6
11	2	57	2	2	3	1	6	640	4	0	0	4	2	2
11	2	59	2	5	3	1	4	600	2	0	0	4	2	2
11	5	71	1	2	3	1	2	1440	1	0	0	2	2	2
11	3	37	1	2	9	1	1	4500	1	0	0	2	2	10
11	5	42	2	2	4	1	2	960	1	0	0	2	2	3
11	4	35	1	2	5	1	4	6000	2	0	0	4	2	4
11	4	55	1	2	5	1	1	4200	1	0	0	2	2	4
11	4	43	1	2	6	1	1	6800	1	0	0	1	2	6
11	2	57	2	5	5	1	3	600	1	0	0	2	2	4
11	4	51	2	2	3	1	1	1000	1	0	0	2	2	2
11	4	33	2	2	6	1	1	1800	1	0	0	2	2	6
11	3	25	1	2	5	1	6	1920	4	0	0	4	2	4
11	2	64	1	2	3	1	4	150	2	0	0	4	2	2
11	4	49	1	2	5	1	6	2250	4	0	0	4	2	4
11	2	30	2	2	5	1	6	960	4	0	0	4	2	4
11	2	75	1	2	2	6	4	450	2	0	0	4	2	1
11	5	58	1	2	5	1	4	3600	2	0	0	4	2	4
11	1	30	1	1	5	1	1	1880	1	0	0	2	2	4
11	3	36	1	2	5	1	1	2160	1	0	0	2	2	4
11	5	49	1	2	5	1	1	2700	1	0	0	2	2	4
11	2	26	1	2	2	1	1	950		0	0	4	1	1
11	5	63	1	2	3	1	4	1200	2	99	999999	4	2	2
11	4	28	1	2	6	1	4	3000	2	0	0	4	2	6
11	4	34	2	2	5	1	1	1080	1	0	0	2	2	4
11	3	52	1	2	3	1	3	410	1	0	0	2	2	2
11	5	51	1	2	6	1	1	15000	1	0	0	2	2	6
11	3	72	1	2	3	1	4	270	2	0	0	4	2	2
11	3	63	1	2	3	1	4	500	2	0	0	4	2	2
11	5	48	2	2	3	1	1	1200	1	0	0	2	2	2
11	2	42	2	4	5	1	2	1560	1	0	0	2	2	4
11	4	33	1	2	6	1	1	3000	1	0	0	1	2	6
11	7	55	1	2	3	1	1	1392	1	0	0	2	2	2
11	4	21	1	1	7	4	6	60	4	0	0	4	2	6
11	2	36	2	2	7	1	6	2400	4	0	0	4	2	8
11	3	45	1	4	7	1	1	5400	1	0	0	1	2	8
11	3	30	1	2	7	1	1	2260	1	0	0	2	1	8
11	4	29	2	2	6	1	3	1734	1	0	0	2	2	6
11	1	55	1	4	5	1	4	1500	2	0	0	4	2	4
11	2	33	2	2	7	1	6	960	4	0	0	4	2	8
11	2	28	1	1	7	1	2	2300	1	0	0	1	2	8
11	2	53	2	4	3	1	3	1000	1	0	0	2	2	2
11	4	32	1	2	5	1	4	2000	2	0	0	4	2	4
11	4	37	1	2	5	1	4	4200	2	0	0	4	2	4
11	2	26	1	1	6	1	1	200	1	0	0	2	2	6
11	5	44	2	2	3	1	2	1080	1	0	0	2	2	2
11	5	46	2	2	5	1	4	1400	2	0	0	4	2	4
11	2	76	1	2	2	6	4	250	2	0	0	4	2	1
11	3	49	1	4	5	1	4	1440	2	0	0	4	2	4
11	7	32	1	2	5	1	1	4200	1	0	0	1	2	4
11	4	32	1	2	6	1	1	4000	1	0	0	2	2	6
11	4	44	1	2	7	1	2	840	1	0	0	2	2	8
11	1	26	2	1	5	1	1	960	1	0	0	2	2	4
11	4	38	2	2	5	1	3	1320	1	0	0	2	2	4
11	3	32	1	2	5	1	1	1824	1	0	0	2	2	4
11	4	35	2	2	6	1	4	300	2	0	0	4	2	6
11	4	32	1	2	7	1	6	3000	4	0	0	4	2	8
11	1	50	2	4	3	1	4	1800	2	0	0	4	2	2
11	2	32	2	4	5	1	6	1500	4	0	0	4	2	4
11	4	59	1	2	4	3	4	700	2	0	0	4	2	3
11	2	33	2	2	6	1	1	2000	1	0	0	1	1	6
11	4	33	1	2	7	1	1	4700	1	0	0	2	2	8
11	7	23	1	1	7	5	3	210	1	0	0	2	2	6
11	5	48	1	2	3	1	3	2000	1	0	0	2	2	2
11	5	34	1	2	5	1	1	2280	1	0	0	2	2	4
11	3	50	1	2	3	1	4	3000	2	0	0	4	2	2
11	4	51	1	2	5	1	1	2800	1	0	0	1	2	4
11	7	24	2	1	6	1	1	1320	1	0	0	2	2	6
11	1	55	2	4	4	1	1	960	1	0	0	2	2	3
11	2	29	1	2	5	1	4	1800	2	0	0	4	2	4
11	3	45	2	5	7	3	4	3000	2	0	0	4	2	5
11	4	33	1	2	7	1	1	1800	1	0	0	2	2	8
11	1	34	2	3	5	1	1	960	1	0	0	2	2	4
11	1	27	1	1	7	5	1	1836	1	0	0	1	2	7
11	1	30	1	1	7	1	1	608	1	0	0	2	2	8
11	6	45	1	5	5	1	1	900	1	0	0	3	2	4
11	4	27	1	2	5	1	1	1560	1	0	0	2	2	4
11	4	19	2	1	7	4	6	50	4	0	0	4	1	5
11	3	50	1	2	5	1	1	1920	1	0	0	2	2	4
11	1	38	1	1	5	1	1	2400	1	0	0	2	1	4
11	1	35	1	1	7	1	1	3700	1	0	0	2	2	8
11	2	31	2	2	6	1	1	1200	1	0	0	2	2	6
11	2	70	2	5	3	1	4	700	2	0	0	4	2	2
11	3	44	2	2	5	1	1	1200	1	0	0	2	2	4
11	2	73	1	2	3	1	4	1000	2	0	0	4	2	2
11	2	67	1	2	5	1	4	1850	2	0	0	4	2	4
11	5	55	1	2	4	1	3	1800	1	0	0	2	2	3
11	4	29	2	2	6	1	1	3500	1	0	0	2	2	6
11	3	47	2	5	4	1	1	1560	1	0	0	2	2	3
12	4	33	1	2	5	1	3	2400	1	0	0	2	2	4
12	4	28	1	1	6	1	2	1212	1	1	0	2	2	6
12	3	37	1	2	5	1	1	1680	1	0	0	2	2	4
12	5	51	1	2	3	1	4	3100	2	0	0	4	2	2
12	5	43	1	2	5	1	4	7200	2	0	0	4	2	4
12	4	55	2	2	5	1	1	1236	1	0	0	2	2	4
12	4	32	1	2	5	1	1	2400	1	0	0	2	2	4
12	3	62	1	2	4	1	4	1020	2	0	0	4	2	3
12	4	35	2	2	6	1	1	3072	1	0	0	1	2	6
12	5	58	2	2	7	1	1	6000	1	0	0	1	2	8
12	4	40	2	2	4	1	4	1870	2	0	0	4	2	3
12	4	25	2	1	7	1	1	1740	1	0	0	2	2	8
12	4	39	1	2	7	1	4	3080	2	0	0	4	2	8
12	5	41	1	2	5	1	4	4840	2	0	0	4	2	4
12	4	39	2	2	5	1	2	700	1	0	0	1	2	4
12	4	42	2	2	4	1	1	840	1	0	0	2	2	3
12	5	42	2	2	5	1	4	2700	2	0	0	4	2	4
12	5	20	1	1	7	5	6	150	4	0	0	4	2	6
12	5	49	1	2	5	1	1	3400	1	0	0	1	2	4
12	3	53	2	2	4	1	4	1806	2	0	0	4	2	3
12	4	46	1	2	5	1	4	6000	2	0	0	4	2	4
12	4	38	1	2	7	1	1	3227	1	0	0	1	2	8
12	3	47	1	2	3	1	3	1600	1	0	0	2	2	2
12	4	32	1	2	8	1	4	3265	2	0	0	4	2	10
12	3	37	1	2	7	1	1	5000	1	0	0	1	2	8
12	3	33	1	2	6	1	1	1980	1	0	0	2	2	6
12	4	46	2	2	5	1	4	2000	2	0	0	4	2	4
12	2	32	1	2	5	1	1	1320	1	0	0	2	1	4
12	1	72	2	5	3	3	4	600	2	0	0	4	2	2
12	3	35	2	2	5	1	4	2200	2	0	0	4	2	4
12	4	49	1	3	4	1	3	2000	1	0	0	2	2	3
12	4	46	1	2	5	1	4	1250	2	0	0	4	2	4
12	3	32	2	2	7	1	1	1140	1	0	0	2	2	8
12	2	28	2	2	6	1	6	840	4	0	0	4	2	6
12	3	29	2	2	5	1	1	1000	1	0	0	2	2	4
12	4	53	1	2	5	1	1	3240	1	0	0	2	2	4
12	1	77	2	5	2	6	4	100	2	0	0	4	2	1
12	2	69	2	5	3	1	3	360	1	0	0	2	2	2
12	6	55	1	2	7	1	1	4500	1	0	0	1	2	8
12	3	43	2	2	8	1	1	5300	1	0	0	2	2	10
12	3	31	1	1	6	1	4	2400	2	0	0	4	2	6
12	4	63	1	2	3	1	4	2100	2	0	0	4	2	2
12	4	56	1	2	5	3	4	5800	2	0	0	4	2	4
12	2	55	2	5	7	1	1	6000	1	0	0	2	2	8
12	5	30	2	1	7	1	1	0	1	0	0	2	2	8
12	4	30	1	1	5	1	2	1236	1	0	0	2	2	4
12	4	39	1	2	5	1	5	0	3	0	0	4	2	4
12	4	31	1	1	5	1	1	1812	1	0	0	2	2	4
12	6	25	2	1	7	1	1	73	1	0	0	2	2	8
12	3	44	1	2	4	1	4	4200	2	0	0	4	2	3
12	4	67	1	2	5	1	4	360	2	0	0	4	2	4
12	3	48	1	2	3	1	3	600	1	0	0	2	1	2
12	4	50	2	2	5	1	3	1080	1	0	0	2	2	4
12	4	33	1	2	5	1	1	5500	1	0	0	1	2	4
12	3	68	2	2	3	3	3	630	1	0	0	2	2	2
12	5	36	1	2	5	1	4	3080	2	0	0	4	2	4
12	6	42	1	2	5	1	1	980	1	0	0	1	2	4
12	3	36	2	1	7	4	4	1800	2	0	0	4	2	6
12	3	38	1	2	7	1	1	4000	1	0	0	2	2	8
12	4	30	2	1	7	1	1	3240	1	0	0	1	2	8
12	3	31	2	2	7	1	1	1500	1	0	0	2	2	8
12	5	52	1	2	3	1	4	3080	2	0	0	4	2	2
12	2	32	1	2	7	1	1	2400	1	0	0	2	1	8
12	3	31	1	1	6	1	1	2160	1	0	0	1	2	6
12	2	63	1	2	3	1	4	860	2	0	0	4	2	2
12	4	50	1	2	4	1	1	3050	1	0	0	2	2	3
12	2	67	1	2	5	3	4	2000	2	0	0	4	2	4
12	4	41	1	2	5	1	4	4000	2	0	0	4	2	4
12	4	51	1	2	8	1	1	4950	1	0	0	1	2	10
12	4	36	2	2	5	1	4	1720	2	0	0	4	2	4
12	3	62	2	2	2	6	3	1000	1	0	0	2	2	1
12	3	58	1	2	3	3	1	1330	1	0	0	1	2	2
12	4	43	1	2	7	1	1	5500	1	0	0	2	2	8
12	4	32	2	2	7	1	2	720	1	0	0	2	2	8
12	2	80	1	2	7	1	4	480	2	0	0	4	2	8
12	1	26	1	1	5	1	1	1560	1	0	0	2	2	4
12	3	48	2	2	3	1	3	720	1	0	0	2	2	2
12	3	33	1	3	7	3	1	2460	1	0	0	1	2	7
12	3	31	1	2	6	1	1	1500	1	0	0	2	2	6
12	2	68	1	2	7	1	1	2400	1	0	0	2	2	8
12	2	54	2	5	4	1	1	840	1	0	0	2	2	3
12	4	54	1	2	5	1	1	1200	1	0	0	2	2	4
12	4	62	1	2	5	3	5	0	3	0	0	4	2	4
12	3	48	1	5	5	1	4	3600	2	0	0	4	2	4
12	2	61	1	2	5	1	4	350	2	0	0	4	2	4
12	6	35	2	2	5	1	1	1880	1	0	0	2	2	4
12	4	33	2	2	5	1	1	2700	1	0	0	2	2	4
12	5	55	1	2	7	1	1	4600	1	0	0	2	2	8
12	3	36	1	2	5	1	1	4000	1	0	0	1	2	4
12	3	31	2	2	5	1	6	960	4	0	0	4	2	4
12	4	45	2	2	5	1	4	4250	2	0	0	4	2	4
12	2	65	1	2	5	1	4	1200	2	0	0	4	2	4
12	3	59	2	2	3	1	1	700	1	0	0	2	2	2
12	1	32	1	1	5	3	3	1200	1	0	0	2	2	4
12	3	33	1	2	5	1	4	2400	2	0	0	4	2	4
12	5	48	1	2	7	4	1	360	1	0	0	2	2	6
12	2	60	1	2	5	1	6	612	4	0	0	4	2	4
12	4	47	2	2	5	1	1	1250	1	0	0	2	2	4
12	3	33	1	1	5	1	4	1200	2	0	0	4	2	4
12	1	73	2	5	2	6	4	480	2	0	0	4	2	1
12	1	33	2	4	5	1	1	90	1	0	0	2	2	4
12	4	33	1	2	6	1	1	2400	2	0	0	4	2	6
12	3	37	1	2	7	1	1	3000	1	0	0	2	2	8
12	4	55	1	2	7	1	4	2500	2	0	0	4	2	8
12	4	41	2	2	8	2	1	2900	1	0	0	1	2	10
12	2	65	1	2	5	1	4	1080	2	0	0	4	2	4
12	2	68	1	2	3	1	4	2200	2	0	0	4	2	2
12	6	24	2	1	7	1	1	2000	1	0	0	1	2	8
12	3	46	2	4	7	1	2	360	1	0	0	2	2	8
12	4	29	2	1	9	4	1	2916	1	4	3	1	1	10
12	4	62	1	2	5	1	1	1080	1	0	0	2	2	4
12	3	33	1	1	6	3	1	1200	1	0	0	2	2	5
12	4	37	1	2	5	1	1	2496	1	0	0	2	2	4
12	2	65	2	5	2	6	4	350	2	0	0	4	2	1
12	3	46	1	2	4	1	4	1700	2	0	0	4	2	3
12	2	70	2	2	3	1	6	280	4	0	0	4	2	2
12	3	38	1	2	7	1	1	1968	1	0	0	2	2	8
12	5	60	1	2	4	1	1	840	1	0	0	2	2	3
12	3	58	1	2	5	1	4	1200	2	0	0	4	2	4
12	4	32	1	2	8	1	2	1680	1	0	0	2	2	10
12	2	60	1	2	5	1	1	4000	1	0	0	1	2	4
12	4	53	1	4	3	1	2	1236	1	0	0	2	2	2
12	4	28	2	2	6	1	1	430	1	0	0	1	2	6
12	4	29	1	2	6	4	1	1900	1	0	0	2	2	5
12	4	39	2	2	9	4	1	5247	1	0	0	2	2	10
12	3	55	1	2	4	1	3	2400	1	0	0	2	2	3
12	6	53	1	2	3	1	4	4000	2	0	0	4	2	2
12	2	76	1	2	3	1	6	600	4	0	0	4	2	2
12	3	71	1	2	2	6	4	960	2	0	0	4	2	1
12	4	47	1	4	5	1	3	1800	1	0	0	2	2	4
12	3	38	1	2	6	4	4	6500	2	0	0	4	2	5
12	4	37	2	2	6	1	1	3120	1	0	0	1	2	6
12	5	26	1	1	7	5	6	648	4	0	0	4	2	7
12	4	51	2	2	5	1	4	3060	2	0	0	4	2	4
12	3	77	1	2	3	1	4	300	2	0	0	4	2	2
12	4	43	1	2	7	3	1	3400	1	10	0	2	2	5
12	2	63	1	2	4	1	4	1200	2	0	0	4	2	3
12	4	36	2	2	7	1	1	3600	1	0	0	1	2	8
12	4	62	2	5	3	3	4	200	2	0	0	4	2	2
12	3	55	2	5	3	3	1	960	1	0	0	2	2	2
12	5	34	2	2	6	1	4	1850	2	0	0	4	2	6
12	5	25	2	1	6	1	1	1050	1	0	0	2	2	6
12	2	34	1	1	7	1	1	1692	1	5	0	1	2	8
12	2	59	2	2	4	1	4	1080	2	0	0	4	2	3
12	4	35	1	2	7	1	4	4800	2	0	0	4	2	8
12	2	60	2	2	4	1	6	850	4	0	0	4	2	3
12	5	29	2	1	6	1	1	1716	1	0	0	2	2	6
12	4	43	1	2	5	1	1	2556	1	0	0	1	2	4
12	5	75	1	2	4	1	4	540	2	0	0	4	2	3
12	2	31	2	2	5	1	6	450	4	0	0	4	2	4
12	3	30	1	1	7	1	1	1800	1	0	0	2	2	8
12	1	68	2	5	4	1	4	610	2	0	0	4	2	3
12	4	42	1	2	7	1	1	3840	1	0	0	2	2	8
12	4	49	1	2	5	1	3	370	1	0	0	2	2	4
12	4	60	1	2	3	1	4	8100	2	0	0	4	2	2
12	3	61	2	2	5	1	4	120	2	0	0	4	2	4
12	2	61	1	2	5	1	2	218	1	0	0	3	2	4
12	6	41	1	2	5	1	4	3000	2	0	0	4	2	4
12	5	32	1	4	5	3	1	2160	1	0	0	2	2	4
12	3	65	1	2	3	1	4	4000	2	0	0	4	2	2
12	5	55	2	2	4	1	1	800	1	0	0	2	2	3
12	1	61	2	5	3	1	3	400	1	0	0	2	2	2
12	1	53	2	1	8	1	2	808	1	0	0	3	2	10
12	4	25	2	1	7	1	1	1692	1	3	999999	1	1	8
12	3	58	2	2	4	1	4	1250	2	0	0	4	2	3
12	4	43	2	2	7	3	1	3000	1	0	0	2	2	5
12	4	32	2	2	5	1	1	2187	1	0	0	1	2	4
12	3	29	2	2	8	2	1	2472	1	0	0	1	2	10
12	2	29	1	2	7	1	1	2200	1	0	0	1	2	8
12	4	54	1	2	5	1	1	4450	1	0	0	1	2	4
12	2	66	1	2	3	1	4	1700	2	0	0	4	2	2
12	4	23	2	1	7	4	6	1800	4	0	0	4	2	6
12	5	62	1	2	8	1	1	6000	1	0	0	1	2	10
12	3	31	1	2	8	2	1	2484	1	0	0	2	2	10
12	5	35	2	2	6	1	3	600	1	0	0	2	2	6
12	4	38	1	2	7	1	1	6360	1	0	0	2	2	8
12	3	19	2	1	6	4	2	60		0	0	4	2	5
12	5	51	2	2	6	1	1	5364	1	0	0	1	2	6
12	1	31	2	4	5	1	1	4200	1	0	0	3	2	4
12	3	48	1	2	5	1	3	1380	1	0	0	2	2	4
12	4	37	1	2	7	1	1	2800	1	0	0	2	2	8
12	2	58	2	2	5	1	4	4350	2	0	0	4	2	4
12	2	75	1	2	3	3	4	480	2	0	0	4	2	2
12	1	24	1	1	6	1	1	1300	1	0	0	2	2	6
12	4	31	1	2	7	3	1	2500	1	3	0	1	1	6
12	5	34	1	2	7	1	1	2700	1	0	0	1	2	8
12	3	31	1	2	7	3	1	1440	1	0	0	2	2	6
12	4	52	1	2	5	1	1	1392	1	0	0	2	2	4
12	3	34	1	2	7	1	1	2000	1	0	0	2	2	8
12	3	58	1	2	3	1	4	1500	2	0	0	4	2	2
12	4	45	1	2	7	1	1	7000	1	0	0	2	2	8
12	3	36	1	2	8	2	1	2472	1	6	0	2	2	10
12	4	36	2	2	7	1	1	3720	1	0	0	1	2	8
12	1	38	1	1	7	1	4	2800	2	0	0	4	2	8
12	1	25	2	1	7	4	1	2520	1	0	0	2	2	6
12	4	44	1	2	5	1	1	5364	1	0	0	1	2	4
12	3	45	2	2	3	3	4	1860	2	0	0	4	2	2
12	3	30	1	2	5	1	1	890	1	0	0	2	2	4
12	2	65	1	2	3	3	3	3400	1	0	0	1	2	2
12	2	40	1	1	5	1	1	3500	1	0	0	1	2	4
12	3	74	2	5	2	6	4	180	2	0	0	4	2	1
12	4	40	1	2	7	1	1	3600	1	0	0	1	2	8
12	3	30	2	2	5	1	1	1332	1	0	0	2	2	4
12	4	38	1	2	6	1	1	2400	1	0	0	2	1	6
12	4	38	1	2	7	1	1	3400	1	0	0	1	2	8
12	5	19	2	1	7	4	6	58	4	20	10	4	2	5
12	3	40	1	2	4	1	1	1700	1	0	0	2	2	3
12	3	30	2	2	7	1	1	2000	1	0	0	2	2	8
12	4	63	1	2	4	1	3	1443	1	0	0	2	2	3
12	1	63	2	5	4	1	4	400	2	0	0	4	2	3
12	6	23	2	1	6	1	1	1700	1	0	0	2	1	6
12	3	50	2	2	3	1	4	2200	2	0	0	4	2	2
12	3	41	1	2	7	1	4	3600	2	0	0	4	2	8
12	3	29	1	2	5	1	2	1800	1	0	0	2	2	4
12	3	48	2	4	5	1	1	1120	1	0	0	2	1	4
12	5	29	1	1	7	1	4	720	2	0	0	4	2	8
12	2	28	2	2	6	1	6	1440	4	0	0	4	2	6
12	4	41	1	2	5	1	4	6000	2	0	0	4	2	4
12	3	66	1	2	3	1	1	1010	1	0	0	2	2	2
12	4	42	2	2	6	4	4	5500	2	0	0	4	2	5
12	2	76	1	2	3	1	4	2000	2	0	0	4	2	2
12	1	44	2	4	4	1	4	2400	2	0	0	4	2	3
12	2	72	1	2	3	1	4	1050	2	0	0	4	2	2
12	5	62	1	2	3	3	3	960	1	0	0	2	2	2
12	3	32	2	2	6	1	1	850	1	0	0	2	2	6
12	3	66	1	2	5	1	4	4850	2	0	0	4	2	4
12	4	33	1	2	8	1	1	4920	1	0	0	2	2	10
12	1	26	1	1	7	1	1	804	1	0	0	2	1	8
12	3	29	2	2	7	1	1	1500	1	0	0	2	2	8
12	5	51	1	2	7	1	1	5976	1	0	0	1	2	8
12	2	69	2	2	3	1	4	468	2	0	0	4	2	2
12	2	63	1	2	5	1	3	1870	1	0	0	2	2	4
12	3	60	2	2	3	1	4	1000	2	0	0	4	2	2
12	4	27	2	1	6	1	1	1150	1	0	0	2	2	6
12	5	29	2	1	8	2	6	1800	4	0	0	4	2	10
12	2	57	1	2	5	1	4	5300	2	0	0	4	2	4
12	3	23	1	1	6	1	1	140	1	0	0	2	2	6
12	3	41	1	2	4	1	6	120	4	0	0	4	2	3
12	3	36	1	2	5	1	4	2400	2	0	0	4	2	4
13	4	46	1	2	5	1	4	5100	2	0	0	4	2	4
13	2	28	2	2	7	1	6	4140	4	0	0	4	2	8
13	3	36	2	2	5	3	3	63	1	0	0	2	2	4
13	4	42	1	2	5	1	4	360	2	0	0	4	2	4
13	7	64	1	2	4	1	4	3280	2	0	0	4	2	3
13	3	53	2	2	5	1	4	1800	2	0	0	4	2	4
13	2	53	2	2	3	1	3	200	1	0	0	2	2	2
13	4	46	2	2	5	1	1	3600	1	0	0	1	2	4
13	3	34	1	2	6	1	1	2700	1	0	0	1	1	6
13	5	54	1	2	7	1	1	4980	1	0	0	2	2	8
13	3	36	1	2	5	1	1	2844	1	0	0	2	2	4
13	6	41	1	2	7	1	4	2430	2	0	0	4	2	8
13	4	46	1	2	5	1	1	6000	1	0	0	1	2	4
13	4	42	2	2	8	1	4	1813	2	0	0	4	2	10
13	4	35	1	2	7	1	4	3900	2	0	0	4	2	8
13	3	57	1	2	4	1	3	2184	1	0	0	1	2	3
13	4	39	1	2	5	1	4	5600	2	0	0	4	2	4
13	4	57	2	2	3	1	4	200	2	0	0	4	2	2
13	4	35	1	2	6	1	1	1956	1	0	0	2	2	6
13	4	44	1	2	5	1	1	5860	1	0	0	2	2	4
13	4	39	2	2	5	1	1	780	1	0	0	3	2	4
13	5	36	1	2	6	1	4	3600	2	0	0	4	2	6
13	2	60	1	2	8	1	4	0	2	0	0	4	2	10
13	2	27	1	2	5	1	1	1440	1	0	0	2	2	4
13	4	67	2	5	2	6	4	0	2	0	0	4	2	1
13	1	24	2	1	6	1	1	1440	1	0	0	1	2	6
13	4	30	2	2	5	1	6	350	4	0	0	4	2	4
13	4	44	1	2	5	1	3	3600	1	0	0	1	2	4
13	2	54	2	5	3	3	6	912	4	0	0	4	2	2
13	4	39	2	2	5	1	4	2400	2	0	0	4	2	4
13	3	46	2	2	4	1	4	600	2	0	0	4	2	3
13	3	69	1	2	4	1	4	1800	2	0	0	4	2	3
13	1	67	1	5	3	1	4	1550	2	0	0	4	2	2
13	5	57	1	2	5	3	4	600	2	0	0	4	2	4
13	2	27	2	2	5	1	1	2520	1	0	0	1	2	4
13	4	68	2	2	2	6	3	480	1	0	0	2	2	1
13	2	57	2	5	2	6	3	780	1	0	0	2	2	1
13	2	65	2	2	3	1	4	2160	2	0	0	4	2	2
13	4	47	2	2	8	1	1	3336	1	2	10	2	1	10
13	4	48	1	2	7	1	4	6050	2	0	0	4	2	8
13	1	62	2	5	3	1	4	480	2	0	0	4	2	2
13	5	45	2	2	5	1	1	1200	1	0	0	2	2	4
13	5	34	1	2	5	1	1	1800	1	0	0	2	2	4
13	3	29	1	2	5	1	1	3312	1	0	0	2	2	4
13	4	62	1	2	4	1	4	240	2	0	0	4	2	3
13	3	49	2	3	3	1	1	1488	1	0	0	1	2	2
13	3	35	2	2	5	1	4	3030	2	0	0	4	2	4
13	2	59	1	2	5	1	4	1560	2	0	0	4	2	4
13	5	52	1	2	6	1	4	12540	2	0	0	4	2	6
13	4	44	2	3	5	1	1	836	1	0	0	2	2	4
13	3	46	1	2	4	1	4	0	2	0	0	4	2	3
13	6	40	2	2	7	1	4	15600	2	0	0	4	2	8
13	4	33	2	2	5	1	1	5028	1	0	0	1	2	4
13	3	51	2	2	3	1	3	720	1	0	0	2	2	2
13	2	49	1	2	4	1	4	3100	2	0	0	4	2	3
13	3	66	1	2	7	1	1	1800	1	0	0	2	2	8
13	4	33	2	2	6	1	1	1800	1	0	0	2	2	6
13	4	16	1	1	5	4	6	8	4	3	1	4	1	4
13	4	44	1	2	8	2	1	5076	1	5	8	1	2	10
13	4	48	1	2	6	1	4	600	2	0	0	4	2	6
13	4	29	1	2	5	1	4	2400	2	0	0	4	2	4
13	4	35	2	2	7	1	1	720	1	0	0	2	2	8
13	2	54	2	2	6	1	1	5600	1	0	0	1	2	6
13	3	47	1	2	5	1	4	7000	2	0	0	4	2	4
13	2	28	2	2	7	1	1	2196	1	0	0	1	1	8
13	4	45	1	2	5	1	6	2627	4	0	0	4	2	4
13	1	53	2	5	3	1	4	600	2	0	0	4	2	2
13	2	60	1	2	4	1	4	1200	2	0	0	4	2	3
13	4	45	2	2	5	1	2	495	1	0	0	2	2	4
13	6	35	1	2	7	1	1	2500	1	0	0	2	2	8
13	4	49	1	2	5	1	1	1850	1	0	0	1	2	4
13	4	28	2	2	5	1	1	840	1	0	0	2	2	4
13	3	30	2	2	7	1	2	1020	1	0	0	2	1	8
13	2	27	2	2	5	1	2	960	1	0	0	2	2	4
13	6	33	2	2	7	1	4	5300	2	0	0	4	2	8
13	5	46	1	4	5	1	3	2400	1	0	0	1	2	4
13	3	59	1	2	7	1	4	2040	2	0	0	4	2	8
13	1	65	2	5	2	6	3	160	1	0	0	2	2	1
13	5	35	1	2	7	3	1	3000	1	0	0	2	2	6
13	4	46	2	2	5	1	4	3660	2	0	0	4	2	4
13	4	19	2	1	7	4	6	70	4	2	0	4	2	6
13	3	76	2	5	2	6	4	180	2	0	0	4	2	1
13	4	52	2	2	3	1	4	840	2	0	0	4	2	2
13	6	45	1	2	5	1	1	2160	1	0	0	1	2	4
13	3	47	2	2	3	1	1	1278	1	0	0	1	2	2
13	2	31	1	2	7	1	4	1700	2	10	3	4	2	8
13	6	39	2	2	4	1	4	60	2	0	0	4	2	3
13	2	66	1	2	3	1	4	600	2	0	0	4	2	2
13	5	40	1	2	7	4	1	600	1	2	0	2	2	7
13	3	44	2	2	4	1	3	600	1	0	0	2	2	3
13	4	35	2	2	6	1	6	1080	4	0	0	4	2	6
13	3	23	2	1	6	1	1	1080	1	0	0	2	2	6
13	4	41	2	2	5	1	3	1320	1	0	0	2	2	4
13	3	61	2	2	2	6	1	780	1	0	0	2	2	1
13	1	78	2	5	3	1	4	120	2	0	0	4	2	2
13	3	27	2	1	7	1	1	1440	1	0	0	2	2	8
13	5	44	1	2	5	1	4	3000	2	0	0	4	2	4
13	2	35	1	2	8	1	1	1620	1	0	0	2	2	10
13	3	33	2	2	7	1	4	2040	2	3	2	4	2	8
13	4	71	2	5	3	3	3	360	1	0	0	2	2	2
13	4	42	1	2	5	1	3	2760	1	0	0	2	2	4
13	3	35	1	2	6	1	1	3058	1	0	0	2	2	6
13	4	49	1	2	6	1	2	1200	1	0	0	2	2	6
13	3	39	1	2	5	1	3	2436	1	0	0	2	2	4
13	2	68	1	2	5	1	1	1920	1	0	0	2	2	4
13	3	25	1	1	6	1	1	780	1	0	0	2	2	6
13	4	48	1	2	5	1	4	840	2	0	0	4	2	4
13	2	71	1	2	3	1	4	480	2	0	0	4	2	2
13	4	53	1	2	5	1	1	3000	1	0	0	2	2	4
13	6	60	1	2	4	1	6	600	4	0	0	4	2	3
13	3	46	2	1	9	2	2	904	1	0	0	1	2	10
13	1	64	2	5	2	6	4	1000	2	0	0	4	2	1
13	2	27	1	2	5	1	2	1524	1	0	0	2	1	4
13	5	60	1	2	3	1	4	1320	2	0	0	4	2	2
13	4	46	1	2	6	1	1	8784	1	0	0	1	2	6
13	4	40	1	2	7	1	1	2224	1	0	0	2	2	8
13	5	42	2	2	4	1	6	600	4	0	0	4	2	3
13	3	32	1	2	6	1	1	999999	1	0	0	2	2	6
13	3	48	1	2	7	1	4	1620	2	0	0	4	2	8
13	4	40	2	5	4	1	4	960	2	0	0	4	2	3
13	5	43	1	2	5	1	1	3307	1	0	0	1	2	4
13	4	49	1	2	5	1	1	8460	1	0	0	1	2	4
13	1	72	2	3	2	6	6	400	4	0	0	4	2	1
13	4	19	2	1	7	4	6	80	4	0	0	4	2	5
13	1	47	2	5	3	1	3	960	1	0	0	1	2	2
13	2	53	2	2	5	1	3	1200	1	0	0	2	2	4
13	7	33	2	2	7	3	6	960	4	0	0	4	2	7
13	3	67	1	2	3	1	4	1200	2	0	0	4	2	2
13	2	58	1	2	5	1	3	1440	1	0	0	2	2	4
13	3	56	1	2	4	1	4	9150	2	0	0	4	2	3
13	4	49	1	2	5	1	1	3120	1	1	0	1	2	4
13	2	58	2	5	3	1	2	963	1	0	0	2	2	2
13	4	73	2	5	3	1	4	50	2	0	0	4	2	2
13	5	48	2	2	7	4	4	2411	2	0	0	4	2	5
13	4	30	1	2	5	1	1	1440	1	0	0	2	2	4
13	4	27	1	2	5	1	4	3360	2	0	0	4	2	4
13	3	32	1	2	7	1	1	3000	1	0	0	2	2	8
13	4	19	1	1	7	4	6	50	4	2	0	4	2	5
13	4	33	1	2	6	1	4	3120	2	0	0	4	2	6
13	2	70	1	2	3	1	6	480	4	0	0	4	2	2
13	4	44	2	2	5	1	1	660	1	0	0	2	2	4
13	4	26	2	2	5	1	1	1320	1	0	0	2	2	4
13	5	39	1	2	5	1	1	8400	1	0	0	1	2	4
13	2	67	1	2	3	1	4	1507	2	0	0	4	2	2
13	3	36	1	2	5	3	1	2160	1	0	0	2	2	4
13	4	32	1	2	7	1	1	5500	1	0	0	1	2	8
13	1	49	2	4	3	1	4	360	2	0	0	4	2	2
13	3	29	1	2	7	3	1	650	1	0	0	2	2	5
13	4	41	2	2	8	1	1	4600	1	3	0	1	2	10
13	5	21	2	1	7	4	2	37	1	0	0	2	2	7
13	3	32	2	2	8	4	6	520	4	0	0	4	2	9
13	3	37	1	2	7	1	4	8400	2	0	0	4	2	8
13	4	35	2	2	7	4	4	4870	2	0	0	4	2	7
13	2	69	1	2	5	1	4	2000	2	0	0	4	2	4
13	4	35	1	2	7	1	1	6120	1	0	0	1	2	8
13	4	43	1	2	4	1	4	3640	2	0	0	4	2	3
13	1	60	1	2	7	1	1	5249	1	0	0	1	2	8
13	4	36	1	2	5	1	1	5352	1	0	0	1	2	4
13	3	41	1	2	5	1	4	3000	2	0	0	4	2	4
13	2	73	1	2	5	3	4	300	2	0	0	4	2	4
13	3	57	2	5	4	1	1	720	1	0	0	1	2	3
13	3	48	2	5	3	1	1	1320	1	0	0	2	2	2
13	4	48	1	2	8	1	2	480	1	0	0	2	2	10
13	4	48	1	4	4	1	3	1920	1	0	0	2	2	3
13	4	28	1	2	5	1	6	1440	4	0	0	4	2	4
13	4	50	1	2	4	1	1	750	1	0	0	2	2	3
13	4	46	1	2	7	1	1	5600	1	0	0	1	2	8
13	4	27	1	1	6	3	1	1925	1	0	0	1	2	5
13	3	56	1	2	5	1	1	3060	1	0	0	1	2	4
13	5	39	1	2	5	1	1	6000	1	0	0	2	2	4
13	3	23	1	1	6	5	6	240	4	0	0	4	1	5
16	4	36	1	2	8	1	4	13000	2	0	0	4	2	10
